2 4641.160
4 4455.232
6 4451.670
8 4451.346
10 4620.157
12 4462.713
14 4575.550
16 4490.226
18 4536.280
20 4525.337
22 4491.507
24 4453.312
2 4532.793
4 4416.545
6 4523.415
8 4455.568
10 4473.449
12 4751.459
14 4494.004
16 4579.467
18 4538.824
20 4537.188
22 4433.297
24 4451.617
2 4446.676
4 4529.921
6 4502.510
8 4613.652
10 4286.392
12 4467.859
14 4472.399
16 4546.632
18 4544.647
20 4526.376
22 4449.747
24 4288.743
2 4434.666
4 4526.743
6 4371.684
8 4541.733
10 4589.492
12 4464.880
14 4444.208
16 4445.596
18 4440.713
20 4531.581
22 4534.472
24 4459.330
2 4544.348
4 4488.706
6 4560.905
8 4580.771
10 4522.112
12 4534.276
14 4303.455
16 4403.229
18 4511.460
20 4534.327
22 4449.272
24 4534.039
2 4530.039
4 4534.014
6 4471.770
8 4566.764
10 4364.094
12 4554.837
14 4640.645
16 4310.223
18 4289.541
20 4456.798
22 4466.355
24 4364.627
2 4464.291
4 4460.425
6 4406.285
8 4523.966
10 4545.763
12 4460.915
14 4450.997
16 4548.510
18 4463.021
20 4524.414
22 4520.458
24 4526.617
2 4526.208
4 4533.451
6 4532.717
8 4550.627
10 4769.518
12 4555.685
14 4922.426
16 4530.451
18 4457.790
20 4492.792
22 4471.777
24 4521.848
2 4493.815
4 4716.812
6 4451.727
8 4731.699
10 4564.907
12 4504.142
14 4452.543
16 4647.446
18 4599.690
20 4566.577
22 4526.621
24 4441.944
2 4422.502
4 4451.454
6 4457.053
8 4537.299
10 4479.950
12 4552.398
14 4585.360
16 4465.876
18 4554.060
20 4536.403
22 4448.253
24 4479.075
