2 4484.894
4 4452.375
6 4599.237
8 4419.236
10 4425.759
12 4330.089
14 4444.751
16 4457.704
18 4289.638
20 4454.241
22 4435.781
24 4265.669
2 4268.421
4 4265.237
6 4446.267
8 4449.401
10 4444.189
12 4272.091
14 4440.421
16 4443.236
18 4434.757
20 4420.821
22 4430.424
24 4426.445
2 4422.652
4 4452.655
6 4603.522
8 4427.552
10 4437.601
12 4267.155
14 4395.196
16 4495.576
18 4462.651
20 4465.484
22 4435.116
24 4391.123
2 4429.746
4 4439.123
6 4311.541
8 4426.025
10 4445.467
12 4303.627
14 4291.018
16 4445.199
18 4463.873
20 4459.346
22 4422.475
24 4429.051
2 4428.081
4 4500.411
6 4472.297
8 4450.740
10 4497.539
12 4494.830
14 4739.896
16 4539.183
18 4442.014
20 4435.488
22 4424.116
24 4356.244
2 4468.587
4 4444.983
6 4458.771
8 4493.595
10 4452.548
12 4275.194
14 4418.056
16 4434.064
18 4423.382
20 4443.108
22 4430.546
24 4440.172
2 4458.854
4 4316.338
6 4421.422
8 4297.579
10 4433.735
12 4468.863
14 4439.416
16 4464.151
18 4436.951
20 4466.973
22 4422.958
24 4446.659
2 4425.381
4 4304.851
6 4265.589
8 4494.759
10 4462.735
12 4467.703
14 4457.997
16 4264.588
18 4572.395
20 4427.808
22 4304.423
24 4707.322
2 4432.189
4 4266.328
6 4327.601
8 4696.741
10 4548.806
12 4588.611
14 4458.326
16 4426.830
18 4436.823
20 4463.287
22 4301.508
24 4434.783
2 4439.960
4 4451.416
6 4427.469
8 4470.748
10 4413.578
12 4481.141
14 4457.622
16 4581.239
18 4470.900
20 4307.327
22 4824.099
24 4442.746
