2 185.389
4 184.298
6 183.305
8 183.355
10 184.214
12 184.746
14 186.694
16 185.137
18 183.445
20 185.330
22 184.177
24 183.537
2 183.709
4 183.640
6 186.518
8 184.778
10 183.979
12 183.044
14 184.952
16 185.278
18 182.869
20 184.182
22 185.497
24 185.858
2 182.372
4 184.274
6 183.697
8 183.790
10 182.830
12 184.921
14 184.093
16 185.176
18 182.914
20 187.588
22 185.120
24 186.056
2 183.661
4 186.154
6 183.575
8 184.629
10 184.792
12 185.591
14 183.811
16 184.471
18 184.443
20 185.039
22 184.158
24 184.098
2 186.461
4 183.474
6 186.027
8 186.502
10 183.711
12 182.496
14 185.177
16 184.027
18 183.878
20 185.832
22 185.566
24 184.715
2 184.766
4 185.411
6 185.887
8 184.708
10 186.096
12 183.891
14 184.631
16 183.664
18 186.701
20 184.688
22 186.344
24 184.922
2 182.587
4 184.937
6 185.716
8 183.485
10 185.305
12 182.981
14 186.406
16 184.562
18 183.283
20 184.802
22 183.745
24 183.356
2 186.163
4 186.836
6 184.498
8 184.456
10 184.375
12 184.707
14 186.885
16 184.325
18 185.979
20 184.617
22 184.218
24 183.228
2 186.775
4 185.216
6 183.579
8 184.131
10 185.616
12 184.071
14 183.546
16 185.400
18 184.179
20 186.822
22 184.525
24 183.543
2 183.534
4 186.615
6 184.286
8 184.278
10 184.297
12 183.547
14 186.217
16 183.236
18 184.360
20 184.269
22 185.887
24 183.282
