2 164.037
4 164.025
6 164.042
8 164.009
10 164.042
12 164.035
14 164.010
16 164.011
18 164.031
20 164.030
22 163.992
24 164.037
2 164.037
4 164.024
6 163.988
8 164.056
10 164.000
12 164.030
14 164.011
16 164.042
18 164.029
20 164.024
22 163.982
24 164.016
2 164.033
4 164.015
6 164.001
8 164.040
10 164.011
12 164.013
14 164.008
16 164.023
18 164.024
20 164.023
22 164.039
24 164.012
2 164.022
4 164.030
6 164.054
8 164.056
10 164.032
12 164.045
14 164.020
16 164.050
18 164.019
20 164.037
22 164.037
24 164.036
2 164.039
4 164.041
6 164.026
8 164.028
10 164.039
12 164.052
14 164.025
16 164.039
18 164.038
20 164.048
22 164.003
24 163.999
2 164.000
4 164.033
6 164.013
8 164.043
10 164.028
12 164.036
14 164.038
16 164.028
18 164.062
20 164.051
22 164.036
24 164.031
2 164.040
4 164.022
6 164.090
8 164.032
10 164.035
12 164.037
14 164.006
16 164.007
18 164.041
20 164.047
22 164.013
24 164.041
2 164.034
4 164.011
6 164.035
8 164.010
10 164.045
12 164.009
14 164.028
16 164.056
18 164.054
20 164.036
22 164.018
24 164.003
2 164.030
4 164.019
6 164.043
8 163.994
10 163.983
12 164.067
14 164.020
16 164.042
18 164.017
20 164.039
22 164.036
24 164.047
2 164.031
4 164.013
6 164.048
8 164.001
10 164.070
12 164.011
14 164.025
16 164.031
18 164.019
20 164.028
22 164.000
24 164.123
