2 667.117
4 441.277
6 350.471
8 260.951
10 360.009
12 348.710
14 361.113
16 352.299
18 354.453
20 355.356
22 359.994
24 353.550
2 535.860
4 437.013
6 348.590
8 261.566
10 364.944
12 342.581
14 366.905
16 346.000
18 348.245
20 359.992
22 358.679
24 352.475
2 541.615
4 441.755
6 350.245
8 264.261
10 372.826
12 347.227
14 367.483
16 350.070
18 348.736
20 352.894
22 362.691
24 351.209
2 540.405
4 433.962
6 344.421
8 259.702
10 357.781
12 362.835
14 366.421
16 343.299
18 352.339
20 355.650
22 357.056
24 355.560
2 594.412
4 415.681
6 348.220
8 258.095
10 358.355
12 348.461
14 364.947
16 364.289
18 349.627
20 353.387
22 362.397
24 354.618
2 558.248
4 386.453
6 345.570
8 259.767
10 361.840
12 349.041
14 365.965
16 349.558
18 345.061
20 368.528
22 357.062
24 352.046
2 540.836
4 391.947
6 359.662
8 258.650
10 363.131
12 352.970
14 367.895
16 350.555
18 349.847
20 350.020
22 369.838
24 354.652
2 563.242
4 380.793
6 345.179
8 261.461
10 359.953
12 346.543
14 364.945
16 348.171
18 350.801
20 353.189
22 355.076
24 352.287
2 547.948
4 391.931
6 348.183
8 258.374
10 359.733
12 347.031
14 367.176
16 346.958
18 351.987
20 357.737
22 364.122
24 355.455
2 541.246
4 478.446
6 375.106
8 264.540
10 360.589
12 351.444
14 369.037
16 350.363
18 349.359
20 352.274
22 363.851
24 353.272
