2 537.955
4 424.155
6 402.610
8 390.906
10 520.362
12 523.758
14 541.019
16 559.115
18 578.720
20 529.724
22 486.462
24 483.780
2 542.817
4 375.123
6 446.869
8 389.726
10 524.398
12 531.347
14 546.261
16 553.164
18 555.452
20 554.442
22 512.563
24 503.707
2 540.418
4 388.967
6 498.962
8 389.370
10 522.126
12 527.527
14 535.337
16 550.411
18 580.312
20 538.190
22 513.439
24 507.221
2 534.995
4 386.013
6 472.872
8 394.176
10 516.520
12 535.056
14 549.591
16 557.386
18 558.893
20 582.480
22 507.379
24 495.886
2 541.578
4 423.642
6 447.352
8 431.673
10 529.360
12 533.151
14 539.326
16 545.504
18 570.640
20 560.794
22 532.314
24 491.440
2 549.539
4 480.569
6 483.468
8 388.997
10 525.208
12 529.844
14 539.887
16 553.488
18 591.958
20 512.182
22 502.257
24 504.292
2 535.794
4 394.299
6 449.769
8 389.434
10 516.609
12 524.953
14 535.737
16 569.784
18 568.013
20 510.437
22 544.568
24 509.075
2 539.471
4 390.884
6 482.613
8 425.026
10 515.916
12 532.285
14 540.614
16 567.393
18 558.736
20 582.004
22 502.159
24 511.329
2 547.704
4 428.345
6 437.696
8 390.069
10 537.489
12 539.485
14 551.122
16 558.220
18 568.857
20 566.456
22 516.433
24 502.973
2 559.299
4 381.220
6 405.362
8 555.772
10 521.443
12 533.292
14 537.716
16 551.578
18 557.204
20 582.646
22 491.458
24 509.356
