2 1211.843
4 1215.210
6 1218.345
8 1192.599
10 1213.885
12 1216.616
14 1265.473
16 1053.675
18 1201.551
20 1156.741
22 1218.372
24 1156.858
2 1210.405
4 1168.967
6 1207.787
8 1239.371
10 1213.094
12 1216.434
14 1216.393
16 1156.003
18 1200.598
20 1199.937
22 1210.859
24 1238.331
2 1194.676
4 1216.006
6 1195.845
8 1219.427
10 1204.518
12 1215.060
14 1204.349
16 1201.114
18 1193.096
20 1154.787
22 1197.336
24 1214.442
2 1204.143
4 1214.494
6 1219.021
8 1196.734
10 1147.163
12 1215.774
14 1352.246
16 1208.719
18 1191.812
20 1052.917
22 1214.237
24 1227.311
2 1216.640
4 1205.906
6 1214.970
8 1204.869
10 1213.804
12 1213.467
14 1214.677
16 1205.786
18 1211.240
20 1189.917
22 1214.963
24 1215.717
2 1217.701
4 1210.431
6 1207.918
8 1213.827
10 1218.068
12 1215.370
14 1194.131
16 1213.906
18 1217.626
20 1214.964
22 1215.131
24 1215.192
2 1195.061
4 1214.474
6 1209.282
8 1207.416
10 1219.249
12 1217.221
14 1217.085
16 1236.399
18 1217.697
20 1182.980
22 1213.762
24 1165.440
2 1218.408
4 1349.860
6 1218.665
8 1216.692
10 1221.202
12 1286.974
14 1215.151
16 1199.839
18 1217.227
20 1216.453
22 1217.751
24 1214.570
2 1202.065
4 1216.708
6 1215.615
8 1206.718
10 1205.870
12 1205.644
14 1215.852
16 1189.814
18 1219.067
20 1215.650
22 1156.754
24 1215.758
2 1227.133
4 1084.813
6 1197.124
8 1153.962
10 1148.986
12 1217.902
14 1155.742
16 1186.701
18 1214.405
20 1208.459
22 1215.658
24 1208.578
