2 539.291
4 382.027
6 459.529
8 504.805
10 510.117
12 523.614
14 533.708
16 547.989
18 547.213
20 539.660
22 521.716
24 504.205
2 549.853
4 472.294
6 468.107
8 385.662
10 531.121
12 537.633
14 539.508
16 549.011
18 546.798
20 554.454
22 518.497
24 494.188
2 541.398
4 407.989
6 462.210
8 384.048
10 516.734
12 524.075
14 545.980
16 546.754
18 569.637
20 537.438
22 516.974
24 487.769
2 535.006
4 431.942
6 487.682
8 385.287
10 513.526
12 523.482
14 543.940
16 540.697
18 565.294
20 545.797
22 481.939
24 495.025
2 530.453
4 431.685
6 441.449
8 384.252
10 545.246
12 524.497
14 536.639
16 552.984
18 563.101
20 533.954
22 508.882
24 501.274
2 535.993
4 382.595
6 447.417
8 392.906
10 518.056
12 522.079
14 532.770
16 555.421
18 561.719
20 567.997
22 495.102
24 507.253
2 542.529
4 395.460
6 439.732
8 384.642
10 513.139
12 525.010
14 529.713
16 556.322
18 567.417
20 559.142
22 539.843
24 477.607
2 536.994
4 371.246
6 482.313
8 384.684
10 519.527
12 536.162
14 542.314
16 548.738
18 571.269
20 546.858
22 486.737
24 489.528
2 535.325
4 409.271
6 471.083
8 384.615
10 515.634
12 525.362
14 530.430
16 562.123
18 549.756
20 574.727
22 529.032
24 484.750
2 529.644
4 431.621
6 472.461
8 384.525
10 515.353
12 527.273
14 538.055
16 543.009
18 564.332
20 566.105
22 517.224
24 500.864
