2 1226.805
4 1220.518
6 1165.234
8 1218.760
10 1162.408
12 1155.318
14 1219.898
16 1202.935
18 1225.816
20 1219.053
22 1220.855
24 1160.201
2 1138.103
4 1157.085
6 1204.191
8 1137.949
10 1203.965
12 1191.369
14 1219.126
16 1167.350
18 1218.412
20 1217.143
22 1194.646
24 1217.837
2 1160.490
4 1157.338
6 1160.798
8 1190.759
10 1189.083
12 1203.584
14 1198.306
16 1218.071
18 1219.910
20 1171.970
22 1206.662
24 1219.963
2 1219.319
4 1165.000
6 1219.056
8 1221.292
10 1220.724
12 1222.261
14 1232.983
16 1218.042
18 1222.664
20 1215.700
22 1206.673
24 1220.170
2 1211.709
4 1222.354
6 1250.025
8 1219.912
10 1218.727
12 1214.822
14 1218.392
16 1216.861
18 1216.761
20 1227.959
22 1156.956
24 1219.579
2 1158.850
4 1221.779
6 1213.608
8 1221.878
10 1217.168
12 1348.752
14 1151.204
16 1221.656
18 1159.801
20 1409.739
22 1129.945
24 1221.688
2 1221.053
4 1216.889
6 1220.315
8 1159.124
10 1219.720
12 1225.826
14 1212.210
16 1220.265
18 1218.845
20 1224.394
22 1207.199
24 1217.796
2 1220.135
4 1220.096
6 1220.674
8 1149.680
10 1217.153
12 1223.976
14 1217.562
16 1206.213
18 1219.830
20 1221.519
22 1211.260
24 1226.457
2 1220.343
4 1220.846
6 1221.971
8 1199.925
10 1219.556
12 1196.710
14 1221.912
16 1253.735
18 1220.859
20 1159.413
22 1219.837
24 1223.149
2 1078.370
4 1354.604
6 1214.644
8 1346.434
10 1150.835
12 1212.660
14 1177.004
16 1217.203
18 1146.381
20 1211.469
22 1220.307
24 1219.758
