2 6372.519
4 6334.821
6 6354.505
8 6507.441
10 6443.887
12 6320.717
14 6343.073
16 6326.358
18 6367.777
20 6402.969
22 6330.537
24 6321.391
2 6355.251
4 6359.631
6 6269.919
8 6325.878
10 6326.282
12 6392.336
14 6333.264
16 6357.833
18 6347.557
20 6328.859
22 6350.913
24 6622.489
2 6328.068
4 6328.227
6 6336.636
8 6337.679
10 6343.453
12 6338.037
14 6471.228
16 6345.765
18 6404.842
20 6328.071
22 6345.723
24 6324.856
2 6379.049
4 6363.550
6 6345.013
8 6333.033
10 6410.789
12 6325.161
14 6281.180
16 6324.837
18 6321.893
20 6302.127
22 6329.008
24 6326.821
2 6308.918
4 6340.244
6 6328.870
8 6579.504
10 6343.968
12 6337.993
14 6373.363
16 6330.057
18 6330.463
20 6344.213
22 6342.056
24 6333.323
2 6335.383
4 6347.691
6 6359.700
8 6327.075
10 6340.331
12 6326.453
14 6358.107
16 6353.133
18 6458.526
20 6319.346
22 6334.021
24 6372.667
2 6326.097
4 6306.735
6 6329.132
8 6423.559
10 6342.752
12 6343.366
14 6358.578
16 6331.516
18 6352.653
20 6321.150
22 6375.331
24 6329.850
2 6377.015
4 6347.190
6 6320.666
8 6337.150
10 6343.569
12 6371.671
14 6326.917
16 6320.621
18 6334.808
20 6355.700
22 6332.465
24 6377.360
2 6381.329
4 6371.760
6 6315.164
8 6402.051
10 6311.044
12 6351.119
14 6380.818
16 6357.480
18 6321.653
20 6363.217
22 6347.201
24 6433.810
2 6343.833
4 6350.749
6 6358.710
8 6364.776
10 6455.321
12 6323.023
14 6356.026
16 6365.657
18 6360.164
20 6334.262
22 6315.463
24 6460.786
