2 6751.198
4 6537.078
6 6549.785
8 6473.393
10 6530.652
12 6555.600
14 6563.978
16 6563.708
18 6733.570
20 6630.732
22 6560.516
24 6559.620
2 6734.126
4 6728.024
6 6771.379
8 6523.101
10 6765.605
12 6760.320
14 6774.802
16 6780.642
18 6566.002
20 6794.787
22 6529.791
24 6598.112
2 6783.635
4 6558.976
6 6521.714
8 6617.871
10 6533.411
12 6822.164
14 6741.465
16 6759.765
18 6517.928
20 6530.432
22 6744.415
24 6547.725
2 6727.228
4 6556.713
6 6744.014
8 6566.237
10 6778.525
12 6541.222
14 6643.918
16 7085.350
18 6739.125
20 6523.980
22 6863.229
24 6621.928
2 6734.778
4 6764.113
6 6575.163
8 6557.399
10 6760.046
12 6726.425
14 6483.313
16 6545.140
18 6563.136
20 6771.247
22 6727.063
24 6534.808
2 6743.409
4 6773.636
6 6742.637
8 6744.757
10 6751.103
12 6620.288
14 6549.411
16 6733.538
18 6547.557
20 6522.832
22 6765.638
24 6533.830
2 6541.863
4 6526.783
6 6740.024
8 6543.500
10 6736.065
12 6519.999
14 6805.328
16 6529.895
18 6851.450
20 6724.672
22 6633.695
24 6527.000
2 6759.169
4 6833.499
6 6589.224
8 6753.332
10 6526.523
12 6757.275
14 6524.659
16 6820.201
18 6546.627
20 6487.415
22 6736.310
24 6738.716
2 6729.299
4 6681.494
6 6719.498
8 6541.285
10 6527.802
12 6773.932
14 6751.702
16 6541.470
18 6720.140
20 6754.182
22 6788.296
24 6550.508
2 6776.225
4 6535.812
6 6682.998
8 6753.316
10 6725.646
12 6820.823
14 6682.937
16 6769.670
18 6745.388
20 6508.254
22 6531.873
24 6743.538
