2 3318.844
4 1879.083
6 1962.353
8 1668.600
10 1645.112
12 1512.767
14 1520.786
16 1539.678
18 1524.332
20 1510.478
22 1494.093
24 1517.472
2 3228.943
4 1792.761
6 1830.937
8 1568.333
10 1626.704
12 1556.724
14 1557.643
16 1676.222
18 1545.311
20 1494.831
22 1555.370
24 1503.748
2 3329.259
4 1916.499
6 1880.867
8 1561.727
10 1664.624
12 1607.898
14 1600.364
16 1524.318
18 1494.925
20 1518.128
22 1583.407
24 1527.194
2 3207.286
4 1901.081
6 1889.392
8 1542.052
10 1768.713
12 1697.849
14 1576.196
16 1521.542
18 1644.362
20 1542.364
22 1496.312
24 1478.535
2 3207.431
4 1980.872
6 1859.290
8 1534.737
10 1672.300
12 1600.314
14 1540.454
16 1532.591
18 1560.233
20 1497.213
22 1493.568
24 1481.264
2 3390.313
4 2096.316
6 1966.495
8 1503.359
10 1627.216
12 1543.515
14 1624.203
16 1621.705
18 1544.166
20 1510.707
22 1567.368
24 1533.372
2 3342.723
4 1939.389
6 1883.440
8 1673.674
10 1728.129
12 1559.751
14 1519.728
16 1516.556
18 1536.293
20 1508.392
22 1525.377
24 1514.159
2 3320.722
4 1923.756
6 1915.482
8 1545.084
10 1632.251
12 1634.288
14 1555.778
16 1528.581
18 1546.204
20 1563.494
22 1512.954
24 1512.815
2 3330.390
4 1879.565
6 1898.457
8 1578.236
10 1669.473
12 1670.156
14 1522.339
16 1505.768
18 1532.692
20 1556.526
22 1506.195
24 1498.831
2 3303.284
4 2044.806
6 1943.869
8 1655.848
10 1652.601
12 1587.349
14 1529.638
16 1621.634
18 1593.340
20 1511.643
22 1552.651
24 1552.739
