2 6090.023
4 6073.838
6 6113.171
8 6122.674
10 6369.468
12 6124.576
14 6069.921
16 6074.377
18 6062.337
20 6136.100
22 6090.805
24 6105.904
2 6092.310
4 6102.132
6 6169.398
8 6301.439
10 6085.969
12 6072.252
14 6067.430
16 6087.975
18 6129.318
20 6140.838
22 6117.755
24 6133.375
2 6085.917
4 6140.226
6 6333.117
8 6094.367
10 6082.319
12 6082.900
14 6066.638
16 6081.293
18 6034.159
20 6088.438
22 6077.204
24 6102.591
2 6097.591
4 6065.414
6 6076.936
8 6103.700
10 6090.488
12 6506.493
14 6093.697
16 6066.227
18 6086.042
20 6088.330
22 6068.755
24 6084.791
2 6095.522
4 6082.237
6 6076.885
8 6088.569
10 6108.119
12 6110.889
14 6083.937
16 6068.352
18 6075.799
20 6088.644
22 6107.023
24 6291.241
2 6069.299
4 6102.400
6 6109.655
8 6067.701
10 6081.141
12 6088.318
14 6086.923
16 6086.447
18 6088.569
20 6101.666
22 6076.545
24 6066.023
2 6089.896
4 6061.610
6 6265.328
8 6069.432
10 6081.373
12 6091.479
14 6341.382
16 6068.052
18 6090.309
20 6071.225
22 6081.898
24 6100.362
2 6109.955
4 6100.889
6 6138.433
8 6175.190
10 6174.598
12 6085.325
14 6107.799
16 6110.892
18 6330.009
20 6076.968
22 6106.846
24 6270.265
2 6087.523
4 6059.806
6 6085.707
8 6114.261
10 6057.980
12 6096.508
14 6116.097
16 6080.864
18 6097.873
20 6092.391
22 6173.206
24 6092.552
2 6131.810
4 6152.273
6 6117.964
8 6134.498
10 6081.112
12 6086.522
14 6101.418
16 6067.927
18 6068.373
20 6158.101
22 6179.063
24 6080.165
