2 191.973
4 244.124
6 122.796
8 150.609
10 116.930
12 111.358
14 108.673
16 107.962
18 107.972
20 108.568
22 111.209
24 136.220
2 196.908
4 228.116
6 125.428
8 89.166
10 115.814
12 111.014
14 107.823
16 117.671
18 115.996
20 135.009
22 109.203
24 109.027
2 191.759
4 183.037
6 157.042
8 106.496
10 117.536
12 132.662
14 131.185
16 112.535
18 109.455
20 106.076
22 105.623
24 109.561
2 191.761
4 172.284
6 122.056
8 190.762
10 123.683
12 112.939
14 113.006
16 106.189
18 108.759
20 105.629
22 109.217
24 109.195
2 199.992
4 192.287
6 139.060
8 127.959
10 121.384
12 111.914
14 108.197
16 106.744
18 113.843
20 122.280
22 134.202
24 107.770
2 190.657
4 194.522
6 126.339
8 99.784
10 120.428
12 127.014
14 130.821
16 130.801
18 107.411
20 107.169
22 107.124
24 108.819
2 190.719
4 211.815
6 144.489
8 211.088
10 114.171
12 114.595
14 105.294
16 106.475
18 107.562
20 105.719
22 108.497
24 108.940
2 260.437
4 204.941
6 152.565
8 100.521
10 116.701
12 113.698
14 103.946
16 110.134
18 113.624
20 117.435
22 127.207
24 116.243
2 194.300
4 192.277
6 130.375
8 96.080
10 114.222
12 113.643
14 127.435
16 132.521
18 111.478
20 109.719
22 107.735
24 109.776
2 191.807
4 203.393
6 126.309
8 216.157
10 124.445
12 111.152
14 107.529
16 106.940
18 106.319
20 107.456
22 109.198
24 111.839
