2 297.878
4 219.032
6 124.260
8 96.167
10 118.691
12 120.629
14 117.223
16 109.535
18 101.978
20 104.920
22 105.048
24 102.735
2 186.775
4 187.659
6 120.405
8 206.752
10 114.547
12 101.904
14 103.433
16 104.131
18 105.691
20 103.489
22 104.278
24 105.966
2 196.110
4 169.617
6 118.403
8 140.917
10 112.055
12 110.528
14 101.328
16 104.979
18 105.286
20 102.760
22 108.532
24 125.772
2 194.713
4 189.326
6 125.150
8 99.510
10 109.876
12 108.981
14 104.432
16 104.624
18 131.129
20 133.444
22 108.800
24 107.544
2 186.937
4 189.371
6 168.808
8 101.476
10 118.704
12 122.368
14 121.563
16 110.172
18 107.511
20 105.078
22 101.315
24 107.655
2 187.912
4 198.473
6 123.209
8 214.423
10 114.723
12 108.300
14 101.670
16 107.524
18 104.166
20 104.683
22 102.218
24 103.830
2 193.720
4 192.291
6 115.786
8 112.452
10 112.033
12 104.769
14 102.572
16 103.488
18 104.697
20 102.703
22 111.988
24 117.639
2 191.465
4 239.532
6 114.798
8 97.873
10 116.576
12 104.203
14 100.932
16 112.676
18 119.033
20 131.473
22 104.024
24 105.419
2 186.316
4 247.425
6 120.262
8 153.859
10 122.496
12 130.857
14 113.418
16 104.453
18 101.463
20 102.847
22 101.713
24 104.821
2 185.714
4 184.594
6 132.087
8 168.197
10 114.470
12 110.323
14 104.316
16 101.963
18 105.654
20 102.829
22 105.354
24 104.582
