2 501.754
4 502.051
6 483.821
8 471.157
10 502.680
12 483.790
14 473.004
16 419.023
18 501.756
20 412.943
22 483.021
24 495.249
2 504.020
4 502.973
6 482.386
8 502.797
10 461.916
12 481.590
14 494.969
16 503.075
18 482.424
20 501.850
22 578.447
24 496.019
2 499.062
4 490.601
6 491.412
8 494.536
10 481.058
12 503.791
14 500.810
16 487.205
18 506.579
20 480.495
22 495.219
24 487.193
2 483.493
4 481.370
6 496.790
8 471.570
10 478.937
12 489.662
14 502.974
16 502.399
18 394.015
20 471.659
22 477.019
24 470.491
2 479.541
4 501.109
6 483.692
8 490.450
10 473.340
12 502.752
14 489.904
16 477.826
18 441.176
20 502.728
22 484.823
24 489.169
2 497.276
4 490.662
6 591.157
8 490.115
10 508.501
12 490.215
14 457.302
16 445.554
18 490.030
20 392.865
22 490.941
24 492.948
2 506.842
4 492.054
6 487.249
8 489.336
10 486.629
12 505.620
14 490.557
16 501.763
18 474.251
20 504.352
22 451.544
24 500.211
2 489.727
4 490.155
6 475.504
8 480.170
10 493.931
12 462.663
14 499.952
16 523.537
18 409.846
20 449.607
22 490.597
24 460.766
2 441.117
4 416.647
6 484.805
8 490.091
10 493.203
12 496.878
14 496.395
16 497.839
18 485.426
20 491.766
22 486.163
24 489.242
2 423.347
4 497.532
6 490.893
8 502.672
10 490.836
12 503.590
14 499.679
16 482.972
18 490.836
20 497.438
22 496.214
24 484.090
