2 202.531
4 158.021
6 114.522
8 96.909
10 101.172
12 89.265
14 89.019
16 89.280
18 89.155
20 90.094
22 89.708
24 94.248
2 204.614
4 142.381
6 95.696
8 98.111
10 87.600
12 87.663
14 88.992
16 88.726
18 89.087
20 89.670
22 90.238
24 99.071
2 204.663
4 136.645
6 95.476
8 88.267
10 87.189
12 87.753
14 100.235
16 92.518
18 89.565
20 89.642
22 98.126
24 117.894
2 204.657
4 144.361
6 105.452
8 87.578
10 87.565
12 88.419
14 88.602
16 88.613
18 89.174
20 99.219
22 118.128
24 118.082
2 198.836
4 160.986
6 110.188
8 95.577
10 87.374
12 88.073
14 89.308
16 99.609
18 118.882
20 118.302
22 92.079
24 90.246
2 198.169
4 204.085
6 119.549
8 89.615
10 89.663
12 97.583
14 101.087
16 118.285
18 93.038
20 90.034
22 90.024
24 95.197
2 198.151
4 179.155
6 112.607
8 123.616
10 117.223
12 117.148
14 88.186
16 89.276
18 89.822
20 89.648
22 90.212
24 90.622
2 197.096
4 192.166
6 140.045
8 155.623
10 87.680
12 88.339
14 89.329
16 89.600
18 89.285
20 90.312
22 90.106
24 90.466
2 199.234
4 136.102
6 113.202
8 92.427
10 87.473
12 88.387
14 88.975
16 88.456
18 89.207
20 89.450
22 90.000
24 89.660
2 227.380
4 166.328
6 99.072
8 130.190
10 88.884
12 87.705
14 88.619
16 89.010
18 89.533
20 89.698
22 89.861
24 99.091
