2 473.434
4 379.957
6 480.624
8 454.345
10 480.287
12 479.207
14 472.961
16 479.777
18 440.635
20 464.387
22 479.301
24 474.329
2 477.507
4 476.469
6 479.536
8 478.948
10 400.544
12 480.945
14 481.411
16 475.448
18 480.141
20 479.069
22 479.076
24 472.816
2 473.102
4 478.543
6 466.413
8 479.249
10 468.318
12 474.236
14 480.801
16 479.777
18 474.465
20 477.132
22 467.247
24 400.472
2 474.747
4 458.463
6 479.645
8 456.617
10 474.929
12 432.793
14 479.936
16 474.992
18 451.115
20 385.369
22 463.605
24 479.891
2 458.259
4 483.263
6 478.339
8 471.921
10 478.279
12 480.843
14 479.143
16 476.295
18 463.487
20 479.232
22 479.744
24 477.422
2 458.266
4 465.257
6 479.140
8 479.384
10 480.496
12 473.090
14 479.453
16 475.789
18 447.219
20 491.882
22 480.173
24 454.310
2 478.897
4 382.506
6 448.338
8 468.944
10 478.561
12 463.431
14 479.135
16 458.525
18 477.230
20 390.024
22 377.457
24 439.140
2 463.346
4 474.859
6 464.118
8 450.330
10 463.243
12 478.862
14 482.375
16 478.974
18 478.568
20 465.843
22 480.582
24 472.468
2 480.458
4 473.953
6 479.534
8 476.254
10 478.806
12 565.548
14 382.928
16 477.308
18 479.837
20 400.063
22 478.960
24 478.473
2 478.997
4 480.080
6 480.136
8 470.362
10 478.691
12 448.804
14 479.811
16 469.693
18 479.457
20 464.456
22 479.992
24 481.606
