2 296.767
4 197.725
6 128.682
8 104.368
10 115.144
12 107.000
14 104.257
16 110.368
18 109.220
20 132.426
22 130.488
24 107.873
2 187.281
4 190.700
6 129.642
8 180.644
10 112.712
12 118.989
14 136.204
16 117.516
18 105.342
20 104.634
22 103.900
24 105.398
2 186.919
4 141.136
6 123.439
8 208.611
10 126.605
12 106.972
14 104.222
16 105.449
18 102.930
20 105.671
22 102.715
24 103.854
2 189.218
4 190.740
6 160.735
8 135.660
10 113.956
12 110.934
14 108.786
16 105.374
18 106.474
20 105.405
22 118.873
24 128.271
2 190.321
4 183.450
6 123.194
8 159.652
10 117.047
12 104.887
14 103.290
16 129.494
18 127.735
20 110.849
22 105.238
24 104.583
2 186.956
4 189.951
6 125.721
8 100.308
10 122.602
12 129.291
14 120.677
16 105.438
18 105.009
20 106.444
22 102.034
24 106.717
2 186.883
4 187.509
6 122.707
8 167.404
10 111.347
12 117.698
14 103.055
16 107.635
18 103.626
20 104.185
22 103.223
24 102.939
2 197.434
4 169.194
6 147.687
8 101.087
10 121.099
12 106.881
14 102.562
16 105.093
18 107.479
20 112.738
22 129.876
24 120.257
2 185.678
4 185.119
6 116.663
8 101.444
10 110.969
12 105.638
14 107.233
16 128.671
18 131.154
20 106.538
22 104.681
24 107.099
2 186.874
4 188.577
6 178.048
8 180.499
10 137.565
12 115.946
14 104.468
16 106.241
18 104.335
20 103.536
22 104.906
24 104.110
