2 476.937
4 479.921
6 478.995
8 470.656
10 474.115
12 473.924
14 400.632
16 481.019
18 479.450
20 470.267
22 477.613
24 480.460
2 472.662
4 479.194
6 458.821
8 479.049
10 480.641
12 479.738
14 474.932
16 379.517
18 470.678
20 477.140
22 485.540
24 474.883
2 488.319
4 473.123
6 461.848
8 480.042
10 479.876
12 464.398
14 480.542
16 481.093
18 483.838
20 482.136
22 475.040
24 478.971
2 479.150
4 461.085
6 483.376
8 483.528
10 474.198
12 479.392
14 474.376
16 479.260
18 481.064
20 478.821
22 466.654
24 485.290
2 375.659
4 479.463
6 464.708
8 473.198
10 479.190
12 472.573
14 480.644
16 487.263
18 480.666
20 485.904
22 479.973
24 480.109
2 479.374
4 484.463
6 380.434
8 473.785
10 481.024
12 480.081
14 470.831
16 474.123
18 483.905
20 473.317
22 480.799
24 480.952
2 478.767
4 480.659
6 400.271
8 479.059
10 476.400
12 485.250
14 462.878
16 486.092
18 470.739
20 485.071
22 480.258
24 479.155
2 481.031
4 479.417
6 476.682
8 478.917
10 479.832
12 474.595
14 480.839
16 480.411
18 480.864
20 479.625
22 474.386
24 479.637
2 480.058
4 474.733
6 479.377
8 476.700
10 479.541
12 465.819
14 474.192
16 475.004
18 473.029
20 474.395
22 479.807
24 470.172
2 474.011
4 481.493
6 480.369
8 468.457
10 479.738
12 480.381
14 434.533
16 486.148
18 475.228
20 480.485
22 479.480
24 463.079
