2 215.482
4 149.305
6 101.780
8 90.647
10 91.226
12 91.880
14 92.632
16 92.796
18 92.906
20 93.579
22 104.468
24 103.196
2 215.658
4 156.155
6 124.002
8 93.924
10 91.644
12 92.843
14 92.796
16 94.514
18 96.123
20 108.093
22 102.553
24 116.912
2 207.855
4 158.210
6 103.453
8 92.986
10 91.242
12 92.952
14 92.034
16 101.118
18 102.208
20 141.415
22 96.962
24 94.340
2 213.433
4 171.860
6 110.836
8 92.182
10 91.720
12 101.478
14 121.248
16 119.342
18 93.174
20 94.002
22 95.616
24 94.137
2 207.155
4 145.896
6 105.632
8 116.529
10 102.857
12 122.820
14 97.916
16 92.929
18 92.607
20 93.790
22 94.190
24 94.086
2 206.759
4 146.858
6 120.923
8 186.599
10 93.151
12 91.713
14 92.612
16 92.716
18 93.299
20 95.037
22 94.739
24 95.695
2 219.452
4 192.874
6 124.644
8 94.189
10 92.489
12 93.637
14 93.521
16 93.843
18 92.842
20 93.214
22 93.655
24 103.389
2 215.403
4 155.256
6 103.023
8 90.610
10 91.447
12 92.080
14 92.604
16 92.889
18 92.715
20 93.162
22 102.584
24 107.042
2 214.925
4 177.340
6 119.557
8 90.576
10 91.301
12 97.150
14 91.944
16 92.508
18 98.258
20 122.697
22 123.183
24 94.150
2 206.974
4 136.918
6 112.207
8 94.431
10 93.193
12 103.310
14 105.115
16 103.701
18 104.508
20 101.703
22 95.121
24 93.065
