2 1043.278
4 582.775
6 486.777
8 437.689
10 437.252
12 437.225
14 455.535
16 443.942
18 446.425
20 446.587
22 448.226
24 450.852
2 955.362
4 561.895
6 485.771
8 484.660
10 440.205
12 440.965
14 438.272
16 462.303
18 444.699
20 446.365
22 453.873
24 450.841
2 955.836
4 625.098
6 485.203
8 435.558
10 437.026
12 436.718
14 439.654
16 441.813
18 443.854
20 445.787
22 447.405
24 454.301
2 965.316
4 599.869
6 496.806
8 436.901
10 437.152
12 438.117
14 439.343
16 443.486
18 445.326
20 446.802
22 463.980
24 453.599
2 948.369
4 558.199
6 501.382
8 435.760
10 436.721
12 438.610
14 441.087
16 443.726
18 462.907
20 448.597
22 448.365
24 451.211
2 955.854
4 602.659
6 505.270
8 437.461
10 443.452
12 452.389
14 462.100
16 439.880
18 448.382
20 449.173
22 448.651
24 452.180
2 971.772
4 593.700
6 484.655
8 490.296
10 436.687
12 436.788
14 441.896
16 444.070
18 446.124
20 445.500
22 448.215
24 453.872
2 981.892
4 595.988
6 479.153
8 435.657
10 436.970
12 437.795
14 440.775
16 441.273
18 445.618
20 444.720
22 450.628
24 449.778
2 961.353
4 567.062
6 506.504
8 435.605
10 436.811
12 438.977
14 439.086
16 442.146
18 445.809
20 449.502
22 458.008
24 447.261
2 955.637
4 564.689
6 492.488
8 436.656
10 440.598
12 440.943
14 440.452
16 461.099
18 445.174
20 448.971
22 446.776
24 450.063
