2 1967.733
4 1937.063
6 2013.270
8 1820.926
10 2022.037
12 2018.567
14 2026.021
16 1996.045
18 1977.183
20 1970.962
22 1970.346
24 2023.091
2 1814.359
4 1981.932
6 1992.517
8 2129.964
10 1981.632
12 1917.658
14 1821.651
16 2015.233
18 1971.513
20 1980.139
22 2022.190
24 2028.894
2 2023.652
4 1972.937
6 2023.519
8 1910.088
10 2033.705
12 1971.011
14 1970.649
16 1869.536
18 2022.132
20 1995.853
22 1966.974
24 1970.287
2 2014.679
4 1969.259
6 1963.418
8 1972.372
10 2024.337
12 1881.452
14 2021.934
16 2042.163
18 1964.595
20 1973.800
22 2041.751
24 1911.661
2 1986.011
4 1912.064
6 1970.628
8 1972.000
10 1974.771
12 1973.373
14 1970.155
16 2022.668
18 2009.585
20 1911.739
22 1975.652
24 1908.780
2 1972.414
4 1970.427
6 2019.953
8 2036.088
10 1967.262
12 2023.214
14 2002.972
16 2021.103
18 2061.961
20 1814.826
22 2088.255
24 1974.327
2 2010.740
4 1973.538
6 2020.344
8 1975.503
10 1973.856
12 2021.837
14 2032.529
16 2070.726
18 2010.706
20 2013.317
22 1971.342
24 2022.858
2 2040.889
4 1975.439
6 1939.162
8 1970.240
10 1960.198
12 1964.659
14 1923.166
16 2016.812
18 1970.230
20 1969.137
22 1969.972
24 2032.517
2 1969.227
4 1971.550
6 2025.172
8 2005.981
10 2027.831
12 2016.786
14 1959.730
16 2013.288
18 1996.579
20 2017.055
22 1869.159
24 1971.089
2 2022.202
4 1972.932
6 1983.227
8 1917.586
10 1963.813
12 1946.520
14 1969.696
16 2030.985
18 1967.191
20 2007.461
22 1943.192
24 2017.626
