2 1150.693
4 588.556
6 581.443
8 504.722
10 548.296
12 523.507
14 506.718
16 525.176
18 506.944
20 499.868
22 505.572
24 516.201
2 1125.205
4 639.000
6 590.526
8 475.026
10 538.780
12 523.589
14 505.181
16 512.089
18 509.239
20 527.857
22 503.733
24 508.344
2 904.315
4 575.380
6 598.359
8 432.077
10 545.153
12 518.995
14 516.106
16 504.854
18 511.370
20 505.201
22 509.199
24 517.941
2 903.998
4 583.711
6 576.637
8 473.218
10 539.729
12 520.648
14 503.732
16 504.071
18 513.323
20 508.947
22 499.311
24 503.092
2 921.501
4 593.848
6 606.344
8 449.486
10 542.178
12 522.271
14 511.853
16 473.266
18 507.094
20 517.180
22 506.514
24 508.874
2 905.622
4 577.093
6 602.095
8 470.794
10 544.259
12 520.724
14 526.946
16 495.456
18 508.483
20 504.560
22 502.212
24 509.224
2 905.284
4 574.599
6 606.842
8 490.874
10 541.631
12 529.442
14 511.246
16 505.784
18 509.815
20 505.489
22 510.251
24 509.819
2 960.116
4 614.119
6 584.765
8 437.910
10 553.414
12 522.119
14 508.220
16 506.503
18 510.715
20 516.916
22 511.617
24 500.285
2 905.055
4 608.574
6 586.391
8 481.869
10 563.934
12 521.663
14 518.992
16 498.838
18 508.241
20 501.108
22 499.794
24 503.759
2 1059.997
4 568.113
6 592.558
8 456.489
10 541.595
12 521.024
14 511.428
16 489.708
18 521.676
20 509.282
22 507.133
24 510.083
