2 915.600
4 566.095
6 489.578
8 489.830
10 426.255
12 425.644
14 427.334
16 436.368
18 435.193
20 435.659
22 436.715
24 437.905
2 949.195
4 610.468
6 470.464
8 425.829
10 425.457
12 426.209
14 428.439
16 429.319
18 434.221
20 438.571
22 435.960
24 441.104
2 932.373
4 539.643
6 470.570
8 426.403
10 425.254
12 426.400
14 428.791
16 430.235
18 435.108
20 434.007
22 438.751
24 448.581
2 920.405
4 549.393
6 477.616
8 424.769
10 425.780
12 425.335
14 427.960
16 431.998
18 433.161
20 448.838
22 434.697
24 438.892
2 950.371
4 540.068
6 469.186
8 424.361
10 426.404
12 426.971
14 428.584
16 442.933
18 434.801
20 435.254
22 442.787
24 438.053
2 916.189
4 560.480
6 463.951
8 429.141
10 425.637
12 441.458
14 427.209
16 433.529
18 433.106
20 433.934
22 438.604
24 438.420
2 930.891
4 540.002
6 464.605
8 484.793
10 425.442
12 426.146
14 432.612
16 430.369
18 432.841
20 436.138
22 441.632
24 439.801
2 948.918
4 622.596
6 471.149
8 426.370
10 425.811
12 425.971
14 428.069
16 431.335
18 433.146
20 435.181
22 440.403
24 437.431
2 1041.228
4 551.360
6 470.526
8 424.327
10 425.796
12 426.439
14 426.864
16 431.397
18 430.844
20 434.065
22 453.973
24 441.111
2 949.781
4 568.763
6 466.664
8 430.222
10 425.646
12 427.852
14 427.315
16 429.373
18 445.636
20 436.910
22 439.953
24 440.748
