2 1899.573
4 1942.725
6 1937.660
8 1913.715
10 1939.644
12 1928.656
14 1932.617
16 1874.719
18 1942.138
20 1954.824
22 1875.406
24 1948.076
2 1937.599
4 1923.114
6 1896.468
8 1935.757
10 1787.028
12 1929.674
14 1926.296
16 1942.885
18 1917.893
20 1938.486
22 1976.273
24 1816.981
2 1952.201
4 1936.262
6 1940.153
8 1938.159
10 1935.625
12 1941.758
14 1872.427
16 1935.673
18 1949.596
20 1935.624
22 1916.055
24 1932.030
2 1936.443
4 1940.347
6 1938.149
8 1939.089
10 1934.920
12 1933.283
14 1981.744
16 1936.267
18 1937.351
20 1950.994
22 1936.134
24 1877.127
2 1878.067
4 1937.940
6 1986.180
8 1936.202
10 1950.700
12 1943.036
14 1874.843
16 1936.947
18 1928.454
20 1936.698
22 1940.472
24 1932.656
2 1927.567
4 1880.507
6 1935.686
8 1902.068
10 1818.354
12 1968.152
14 1882.021
16 1827.548
18 1930.803
20 1942.208
22 1964.293
24 1934.528
2 1786.417
4 1986.529
6 1907.941
8 1909.595
10 1928.894
12 1940.478
14 1953.796
16 1936.642
18 1935.645
20 1940.796
22 1939.693
24 1974.252
2 1843.613
4 1942.699
6 1936.877
8 1879.716
10 1945.975
12 1936.997
14 1940.221
16 1981.305
18 1937.426
20 1947.897
22 1877.738
24 1938.459
2 2059.832
4 1876.416
6 1892.109
8 1952.027
10 1874.818
12 1788.294
14 1931.673
16 1875.340
18 1788.706
20 1934.609
22 1892.317
24 1931.083
2 1966.449
4 1940.862
6 1937.416
8 1941.637
10 1934.993
12 1934.360
14 1939.345
16 1938.107
18 1896.157
20 1936.230
22 1935.835
24 1939.455
