2 956.690
4 563.580
6 488.408
8 442.429
10 443.537
12 446.042
14 490.471
16 454.597
18 452.786
20 454.467
22 457.136
24 455.497
2 963.494
4 594.531
6 497.116
8 446.365
10 465.370
12 444.370
14 450.188
16 453.012
18 451.151
20 454.519
22 457.773
24 457.362
2 951.802
4 577.683
6 502.009
8 445.940
10 443.943
12 447.223
14 447.990
16 452.314
18 453.025
20 459.469
22 455.930
24 460.951
2 962.172
4 566.756
6 501.919
8 455.841
10 443.706
12 445.676
14 448.269
16 450.618
18 453.201
20 454.551
22 475.480
24 460.439
2 954.958
4 631.960
6 518.544
8 443.867
10 499.299
12 455.227
14 448.918
16 460.427
18 453.594
20 455.789
22 456.406
24 455.538
2 954.898
4 583.979
6 498.667
8 450.538
10 444.024
12 462.039
14 447.716
16 448.546
18 452.060
20 454.316
22 457.041
24 457.812
2 955.375
4 594.613
6 513.187
8 450.563
10 444.221
12 444.409
14 445.340
16 449.619
18 453.236
20 457.204
22 457.866
24 458.395
2 951.737
4 566.277
6 497.775
8 445.653
10 444.568
12 444.976
14 447.374
16 448.139
18 454.613
20 456.645
22 463.555
24 478.318
2 953.642
4 590.426
6 502.882
8 463.151
10 446.448
12 445.822
14 447.264
16 448.672
18 453.164
20 472.694
22 456.620
24 459.019
2 954.221
4 592.198
6 495.785
8 447.207
10 444.277
12 443.370
14 467.822
16 449.547
18 452.317
20 456.328
22 455.662
24 460.622
