2 913.285
4 546.482
6 474.940
8 428.823
10 450.609
12 432.475
14 434.963
16 437.654
18 439.862
20 442.023
22 442.042
24 445.715
2 914.608
4 587.644
6 504.135
8 432.659
10 431.636
12 436.633
14 434.198
16 438.156
18 441.607
20 442.060
22 444.602
24 445.766
2 922.632
4 550.755
6 474.055
8 431.503
10 431.214
12 433.057
14 436.446
16 436.257
18 439.810
20 442.384
22 444.994
24 457.023
2 906.127
4 570.001
6 472.820
8 428.856
10 431.621
12 432.249
14 434.591
16 437.727
18 441.205
20 453.980
22 445.227
24 444.610
2 914.760
4 542.144
6 464.774
8 430.989
10 431.769
12 431.738
14 437.515
16 457.720
18 441.580
20 440.080
22 441.223
24 444.869
2 916.008
4 528.449
6 470.231
8 428.829
10 431.282
12 440.259
14 439.831
16 436.622
18 441.590
20 440.395
22 441.925
24 444.963
2 914.714
4 567.916
6 497.318
8 487.586
10 430.857
12 432.022
14 434.515
16 437.631
18 437.091
20 440.484
22 442.396
24 445.479
2 941.842
4 566.202
6 465.349
8 431.671
10 431.186
12 432.758
14 435.306
16 436.779
18 440.986
20 443.718
22 446.332
24 444.726
2 921.569
4 553.243
6 480.385
8 430.260
10 431.265
12 432.100
14 436.677
16 436.501
18 442.911
20 440.473
22 468.306
24 451.078
2 914.434
4 586.056
6 461.983
8 429.188
10 431.445
12 433.481
14 433.743
16 438.668
18 449.620
20 445.002
22 442.105
24 444.459
