2 954.811
4 559.555
6 475.906
8 435.548
10 431.455
12 432.436
14 454.952
16 435.231
18 440.178
20 443.410
22 444.548
24 446.046
2 1020.153
4 583.680
6 482.812
8 445.182
10 441.970
12 431.913
14 434.829
16 437.726
18 441.827
20 441.844
22 442.176
24 444.801
2 917.392
4 605.327
6 482.832
8 437.946
10 437.075
12 431.985
14 448.764
16 437.237
18 439.888
20 444.971
22 444.810
24 448.717
2 926.116
4 563.686
6 499.208
8 442.884
10 433.267
12 438.354
14 435.926
16 438.224
18 439.955
20 442.143
22 446.538
24 451.979
2 993.493
4 596.997
6 480.773
8 435.916
10 431.977
12 431.845
14 436.240
16 437.454
18 454.535
20 443.844
22 445.816
24 446.693
2 909.566
4 581.338
6 484.137
8 450.655
10 436.600
12 432.253
14 449.948
16 435.476
18 441.350
20 440.877
22 444.335
24 443.516
2 918.041
4 548.036
6 480.611
8 438.134
10 446.430
12 438.313
14 434.106
16 439.323
18 438.888
20 440.546
22 443.042
24 444.366
2 967.425
4 543.665
6 469.448
8 448.251
10 431.948
12 431.977
14 435.015
16 438.097
18 441.751
20 445.934
22 444.121
24 446.392
2 1007.437
4 567.260
6 488.140
8 430.699
10 433.084
12 432.051
14 433.820
16 437.462
18 440.799
20 444.063
22 446.649
24 463.320
2 918.940
4 543.834
6 488.724
8 432.287
10 432.581
12 431.448
14 435.186
16 437.533
18 439.128
20 462.319
22 444.046
24 446.400
