2 1903.952
4 1920.290
6 1913.450
8 1865.117
10 1858.055
12 1916.956
14 1930.027
16 1880.785
18 1921.120
20 1919.057
22 1861.589
24 1955.605
2 1921.983
4 1908.560
6 1920.062
8 1922.321
10 1922.106
12 1921.811
14 1920.508
16 1921.152
18 1921.946
20 1917.345
22 1912.953
24 1916.274
2 1937.299
4 1920.430
6 1922.563
8 1918.570
10 1922.622
12 1936.949
14 1921.118
16 1919.141
18 1919.939
20 1921.199
22 1923.081
24 1855.292
2 1925.717
4 1884.188
6 1904.924
8 1958.463
10 1924.170
12 1921.185
14 1922.692
16 1857.084
18 1924.925
20 1919.549
22 1907.501
24 1922.548
2 1897.184
4 1915.776
6 1915.187
8 1857.758
10 1913.231
12 1856.967
14 1920.988
16 1925.904
18 1915.920
20 1921.901
22 1918.336
24 1916.125
2 1882.983
4 1923.237
6 1855.368
8 1924.914
10 1859.800
12 1879.192
14 1862.805
16 1918.405
18 1914.253
20 1921.469
22 1921.258
24 1909.968
2 1918.267
4 1828.235
6 1914.425
8 1868.522
10 1917.916
12 1767.335
14 1961.300
16 1864.062
18 1971.245
20 1896.628
22 1854.371
24 1911.064
2 1917.662
4 1916.342
6 1889.880
8 1864.298
10 1919.448
12 1906.712
14 1920.357
16 1920.962
18 1863.796
20 1914.631
22 1918.198
24 1862.769
2 1912.369
4 1917.545
6 1919.240
8 1934.956
10 1970.420
12 1920.316
14 1953.389
16 1925.938
18 1903.303
20 1880.632
22 1919.005
24 1920.161
2 1889.325
4 1984.673
6 1918.345
8 1921.837
10 1938.865
12 1862.898
14 1929.310
16 1861.423
18 1868.995
20 1941.570
22 1916.785
24 1929.493
