2 1987.625
4 1992.874
6 1957.642
8 1957.956
10 1988.279
12 1960.801
14 1966.273
16 1899.941
18 1988.259
20 1964.281
22 1982.812
24 2028.090
2 1900.883
4 1961.517
6 1966.028
8 1978.543
10 1977.827
12 1981.394
14 1987.602
16 1950.654
18 1958.246
20 1964.010
22 1959.209
24 1984.139
2 1941.988
4 1984.320
6 1951.266
8 1986.676
10 2001.806
12 1985.763
14 1961.202
16 1991.591
18 1983.572
20 1963.949
22 1959.748
24 1984.326
2 1987.832
4 1984.775
6 1987.702
8 1988.066
10 2001.136
12 1966.979
14 1926.367
16 1985.107
18 1974.910
20 1954.182
22 2000.565
24 1931.052
2 1999.353
4 2011.838
6 1949.225
8 1961.083
10 1962.709
12 1957.608
14 1986.262
16 1925.501
18 1932.973
20 1927.583
22 1926.919
24 1856.791
2 1960.163
4 1957.724
6 1983.329
8 1913.182
10 1979.175
12 1927.982
14 1975.698
16 1958.803
18 1957.879
20 2009.084
22 1986.304
24 1985.119
2 1830.880
4 1987.185
6 1899.700
8 1984.661
10 1960.252
12 1983.911
14 1920.554
16 1985.299
18 1976.534
20 1943.228
22 1991.962
24 1905.007
2 2000.727
4 1983.819
6 1987.775
8 1992.122
10 1984.392
12 1986.680
14 1985.941
16 1981.714
18 1982.721
20 1921.228
22 2011.632
24 1898.272
2 1990.370
4 1981.825
6 1960.218
8 1961.559
10 1958.015
12 1944.511
14 1962.973
16 1957.701
18 1999.545
20 1932.683
22 1901.719
24 1960.135
2 1982.046
4 1991.380
6 2027.151
8 1995.600
10 1946.805
12 1999.563
14 1833.375
16 1985.190
18 1897.895
20 1966.749
22 1922.154
24 1979.287
