2 1938.185
4 1938.706
6 1910.658
8 1940.774
10 1939.160
12 1941.475
14 1938.331
16 1877.266
18 1937.905
20 1938.045
22 1940.572
24 1960.010
2 1945.852
4 1821.437
6 1938.128
8 1925.937
10 1930.795
12 2018.475
14 1940.981
16 1930.218
18 1980.563
20 1935.827
22 1947.862
24 1931.552
2 1781.167
4 1965.739
6 1937.656
8 1892.941
10 1945.244
12 1936.461
14 1882.235
16 1946.305
18 1939.867
20 1936.239
22 1940.028
24 1950.535
2 1938.988
4 1936.697
6 1941.363
8 2852.448
10 1948.076
12 1902.614
14 2043.049
16 1933.817
18 1915.828
20 1891.463
22 1932.849
24 1940.834
2 1928.262
4 1881.690
6 1986.258
8 1879.209
10 1913.640
12 2106.829
14 1939.557
16 1946.524
18 1784.850
20 1933.890
22 1945.161
24 1938.944
2 1984.078
4 1875.630
6 1940.318
8 1939.855
10 1885.749
12 1937.947
14 1938.922
16 1939.589
18 1906.158
20 1877.991
22 1882.269
24 1940.635
2 1938.730
4 1943.004
6 1940.513
8 1940.182
10 1933.149
12 1935.012
14 1995.950
16 1935.351
18 1937.685
20 1891.973
22 1937.768
24 1976.282
2 1939.705
4 1938.786
6 1927.778
8 1867.747
10 1955.383
12 1936.544
14 1780.786
16 1963.632
18 1880.232
20 1946.029
22 1896.961
24 1929.832
2 1945.465
4 1935.648
6 1914.611
8 1941.931
10 1936.876
12 1984.164
14 1937.462
16 1940.441
18 1932.753
20 1929.964
22 1981.878
24 1941.750
2 1936.220
4 1937.829
6 1949.187
8 1937.707
10 1939.250
12 1919.673
14 1906.439
16 1941.400
18 1962.206
20 1876.134
22 1940.670
24 1906.105
