2 2225.622
4 1625.817
6 1110.029
8 872.545
10 856.121
12 851.883
14 852.913
16 863.287
18 855.733
20 876.241
22 854.097
24 854.332
2 2086.258
4 1625.228
6 1117.227
8 850.288
10 850.680
12 852.317
14 857.614
16 863.638
18 853.260
20 852.488
22 857.184
24 855.727
2 2088.296
4 1563.106
6 1102.003
8 847.063
10 872.474
12 851.879
14 852.930
16 852.720
18 851.437
20 853.835
22 871.438
24 853.453
2 2077.014
4 1564.124
6 1105.329
8 848.138
10 852.080
12 849.579
14 852.240
16 870.256
18 852.991
20 852.797
22 855.300
24 853.578
2 2083.410
4 1563.771
6 1105.150
8 862.190
10 859.283
12 854.821
14 852.022
16 854.267
18 857.620
20 853.466
22 870.846
24 854.181
2 2085.157
4 1558.691
6 1096.349
8 849.943
10 854.577
12 852.284
14 852.759
16 850.577
18 869.868
20 853.968
22 855.713
24 854.013
2 2090.442
4 1611.559
6 1114.135
8 849.038
10 850.012
12 869.433
14 851.140
16 854.272
18 852.874
20 854.994
22 852.954
24 871.640
2 2121.056
4 1583.871
6 1103.454
8 846.018
10 853.431
12 852.032
14 852.026
16 852.674
18 871.776
20 855.888
22 855.161
24 854.271
2 2090.682
4 1586.568
6 1104.170
8 846.221
10 849.052
12 853.827
14 868.487
16 851.595
18 852.410
20 852.325
22 853.733
24 873.643
2 2086.939
4 1589.379
6 1100.735
8 902.324
10 857.803
12 850.295
14 850.120
16 852.869
18 854.996
20 873.551
22 853.318
24 853.898
