2 950.078
4 605.685
6 493.633
8 439.629
10 433.919
12 437.464
14 458.259
16 440.655
18 445.787
20 447.355
22 448.034
24 448.738
2 952.357
4 564.428
6 508.853
8 436.310
10 453.270
12 439.827
14 437.798
16 441.429
18 443.283
20 446.592
22 446.912
24 454.550
2 941.884
4 559.229
6 507.307
8 432.560
10 434.607
12 435.354
14 438.135
16 439.660
18 442.644
20 448.134
22 446.540
24 449.023
2 950.159
4 596.972
6 506.106
8 440.435
10 434.480
12 434.758
14 439.924
16 441.106
18 445.741
20 445.157
22 449.342
24 465.368
2 949.819
4 578.002
6 481.897
8 433.356
10 437.524
12 435.986
14 439.086
16 443.229
18 456.563
20 452.327
22 448.488
24 450.204
2 948.717
4 559.685
6 499.213
8 439.250
10 436.068
12 437.843
14 455.766
16 442.194
18 443.014
20 447.004
22 446.957
24 451.106
2 970.109
4 593.634
6 496.011
8 432.883
10 452.216
12 436.611
14 440.018
16 441.523
18 444.920
20 446.842
22 446.569
24 450.294
2 951.393
4 605.979
6 500.979
8 441.606
10 434.131
12 435.694
14 438.603
16 441.769
18 445.609
20 444.907
22 448.216
24 448.971
2 957.191
4 587.272
6 508.423
8 442.301
10 434.440
12 437.472
14 460.282
16 440.021
18 444.569
20 444.663
22 454.734
24 457.545
2 939.807
4 575.104
6 497.046
8 451.948
10 436.599
12 436.124
14 440.690
16 441.098
18 461.027
20 459.266
22 446.672
24 447.842
