2 8825.843
4 8829.968
6 8925.953
8 8830.986
10 8911.394
12 8838.925
14 8839.948
16 8839.858
18 8832.413
20 8813.710
22 8856.707
24 8823.285
2 8832.546
4 8837.885
6 8844.245
8 8844.206
10 8840.411
12 8827.600
14 8826.676
16 8811.522
18 8822.791
20 8836.143
22 8834.880
24 8838.837
2 8839.449
4 8845.402
6 8827.796
8 8830.354
10 8925.125
12 8839.165
14 8810.578
16 8908.277
18 8820.960
20 8814.470
22 8814.741
24 8836.672
2 8868.691
4 8812.544
6 8835.707
8 8847.323
10 8858.446
12 8843.969
14 8822.185
16 8833.758
18 8834.825
20 8837.637
22 8826.229
24 8867.194
2 8837.186
4 8875.093
6 8820.664
8 8821.147
10 8814.585
12 8840.575
14 8830.056
16 8814.709
18 8870.277
20 8846.315
22 8901.003
24 8839.778
2 9129.841
4 8817.064
6 8821.943
8 8820.198
10 8814.322
12 8876.435
14 8831.841
16 8870.101
18 8826.836
20 8824.748
22 8818.255
24 8814.969
2 8838.783
4 8840.855
6 8827.635
8 8831.352
10 8847.002
12 8858.859
14 8839.973
16 8820.034
18 8830.785
20 8853.689
22 8838.635
24 8829.549
2 8840.690
4 8829.907
6 8847.313
8 8834.642
10 8861.907
12 8876.350
14 8858.231
16 8842.297
18 8838.462
20 8835.850
22 8835.001
24 8830.967
2 8810.550
4 8814.590
6 8843.959
8 8842.014
10 8853.097
12 8837.052
14 8829.426
16 8864.470
18 8858.205
20 8833.430
22 8839.166
24 8838.296
2 8820.869
4 8836.129
6 8817.654
8 8820.869
10 8831.253
12 8829.895
14 8818.510
16 8833.021
18 8821.842
20 8811.611
22 8817.942
24 8836.079
