2 8803.101
4 8801.201
6 8825.732
8 8793.018
10 8783.720
12 8802.746
14 8808.226
16 8780.864
18 8783.438
20 8788.173
22 8799.991
24 8794.494
2 8809.551
4 8834.900
6 8783.046
8 8798.457
10 8810.648
12 8824.152
14 8802.905
16 8806.660
18 8800.182
20 8810.657
22 8791.418
24 8822.658
2 8799.442
4 8827.434
6 8783.520
8 8802.172
10 8781.427
12 8803.851
14 8784.835
16 8785.246
18 8780.116
20 8798.206
22 8824.076
24 8802.160
2 8781.564
4 8798.856
6 8801.723
8 8788.104
10 8795.185
12 8797.282
14 8805.424
16 8784.422
18 8802.049
20 8780.214
22 8816.007
24 8803.016
2 8785.256
4 8797.907
6 8808.768
8 8805.197
10 8802.253
12 8780.042
14 8783.459
16 8817.742
18 8804.268
20 8788.474
22 8796.101
24 8910.758
2 8804.023
4 8784.382
6 8802.658
8 8875.524
10 8804.551
12 8781.884
14 8792.999
16 8825.066
18 8802.587
20 8810.445
22 8802.516
24 8783.614
2 8785.325
4 8801.574
6 8801.035
8 8798.521
10 8801.924
12 8832.090
14 8812.854
16 8789.583
18 8833.976
20 8785.005
22 8804.405
24 8786.203
2 8801.547
4 8804.720
6 8808.955
8 8788.895
10 8804.722
12 8812.118
14 8834.110
16 8810.638
18 8790.917
20 8785.412
22 8787.136
24 9083.257
2 8795.387
4 8823.334
6 8809.199
8 8783.857
10 8788.835
12 8789.796
14 8810.164
16 8787.495
18 8797.988
20 8801.153
22 8801.405
24 8815.110
2 8805.722
4 8780.956
6 8784.899
8 8803.429
10 8856.861
12 8823.565
14 8785.452
16 8801.572
18 8803.251
20 8786.335
22 8782.433
24 8802.516
