2 4753.897
4 2376.202
6 1770.877
8 1255.749
10 1190.076
12 1172.640
14 1154.004
16 1014.001
18 1014.801
20 1015.353
22 1018.371
24 1040.269
2 4717.085
4 2348.123
6 1765.749
8 1211.073
10 1203.818
12 1172.921
14 1154.297
16 1016.726
18 1014.593
20 1018.547
22 1016.834
24 1254.074
2 4716.019
4 2376.189
6 1774.472
8 1249.690
10 1190.741
12 1176.746
14 1153.865
16 1011.229
18 1014.633
20 1063.301
22 1016.342
24 1029.260
2 4726.424
4 2374.001
6 1773.075
8 1211.005
10 1189.926
12 1172.859
14 1157.650
16 1014.739
18 1014.648
20 1019.274
22 1034.358
24 1029.473
2 4726.324
4 2373.050
6 1766.009
8 1216.417
10 1190.545
12 1173.900
14 1155.342
16 1015.301
18 1015.052
20 1015.876
22 1019.562
24 1265.380
2 4717.110
4 2350.163
6 1755.796
8 1223.109
10 1188.953
12 1173.482
14 1163.623
16 1045.850
18 1014.447
20 1015.420
22 1017.737
24 1033.232
2 4727.678
4 2378.511
6 1751.871
8 1220.457
10 1240.044
12 1174.031
14 1154.264
16 1012.723
18 1015.038
20 1018.814
22 1021.854
24 1025.901
2 4719.514
4 2359.114
6 1750.851
8 1211.977
10 1192.350
12 1176.633
14 1155.008
16 1011.195
18 1017.801
20 1021.950
22 1023.947
24 1183.288
2 4721.872
4 2347.385
6 1778.339
8 1213.220
10 1191.313
12 1173.245
14 1158.299
16 1013.630
18 1015.709
20 1015.198
22 1016.767
24 1028.907
2 4717.873
4 2371.791
6 1750.590
8 1218.424
10 1190.857
12 1174.593
14 1154.894
16 1016.367
18 1013.726
20 1015.540
22 1016.672
24 1028.700
