2 106.312
4 106.394
6 106.355
8 106.653
10 106.382
12 106.271
14 106.370
16 106.321
18 106.472
20 106.380
22 106.348
24 106.319
2 106.386
4 106.771
6 106.337
8 106.402
10 106.454
12 106.487
14 106.369
16 106.385
18 106.693
20 106.483
22 106.255
24 106.302
2 106.334
4 106.340
6 106.173
8 106.196
10 106.216
12 106.313
14 106.420
16 106.413
18 106.372
20 106.339
22 105.553
24 106.280
2 106.283
4 106.602
6 106.335
8 106.369
10 106.292
12 106.424
14 107.102
16 106.346
18 106.558
20 106.389
22 106.345
24 106.409
2 106.343
4 106.355
6 106.367
8 106.237
10 106.348
12 106.433
14 105.618
16 106.383
18 106.331
20 106.607
22 106.212
24 106.437
2 106.140
4 106.593
6 106.205
8 106.144
10 106.612
12 106.267
14 106.275
16 106.486
18 106.314
20 105.615
22 106.332
24 106.433
2 106.222
4 106.329
6 106.422
8 106.334
10 106.778
12 106.229
14 106.235
16 106.314
18 106.401
20 106.253
22 106.323
24 106.788
2 106.223
4 106.249
6 106.124
8 106.276
10 106.180
12 106.404
14 106.110
16 106.782
18 106.022
20 106.387
22 106.162
24 106.324
2 106.275
4 106.405
6 106.542
8 105.834
10 106.338
12 106.332
14 106.192
16 106.457
18 106.429
20 105.572
22 106.435
24 106.275
2 106.340
4 106.459
6 106.230
8 106.424
10 106.379
12 106.338
14 106.593
16 106.310
18 106.255
20 106.383
22 106.301
24 106.313
