2 1211.514
4 1199.159
6 1235.614
8 1217.947
10 1235.303
12 1178.579
14 1234.429
16 1219.772
18 1219.838
20 1222.355
22 1158.420
24 1238.763
2 1055.680
4 1229.745
6 1158.029
8 1231.845
10 1194.674
12 1244.856
14 1233.477
16 1232.170
18 1217.546
20 1246.256
22 1218.394
24 1235.750
2 1233.062
4 1237.719
6 1234.704
8 1208.466
10 1260.668
12 1247.131
14 1235.035
16 1219.779
18 1237.321
20 1200.717
22 1219.898
24 1220.322
2 1234.018
4 1237.944
6 1235.804
8 1171.805
10 1216.991
12 1162.677
14 1374.265
16 1219.330
18 1220.227
20 1241.908
22 1219.700
24 1236.963
2 1217.528
4 1222.353
6 1166.594
8 1211.916
10 1158.319
12 1239.477
14 1231.568
16 1231.662
18 1234.221
20 1223.898
22 1202.643
24 1153.591
2 1055.831
4 1235.428
6 1222.519
8 1218.457
10 1231.330
12 1220.023
14 1222.283
16 1235.563
18 1218.913
20 1220.170
22 1221.945
24 1367.721
2 1428.576
4 1307.079
6 1233.457
8 1239.840
10 1235.585
12 1255.389
14 1234.954
16 1231.303
18 1217.948
20 1219.757
22 1239.146
24 1220.074
2 1232.563
4 1220.026
6 1240.596
8 1227.731
10 1224.994
12 1200.930
14 1209.075
16 1212.090
18 1220.534
20 1219.680
22 1240.351
24 1219.209
2 1205.397
4 1233.722
6 1224.546
8 1233.918
10 1217.320
12 1235.341
14 1218.572
16 1234.961
18 1232.950
20 1240.335
22 1231.532
24 1164.791
2 1236.167
4 1225.830
6 1208.913
8 1236.100
10 1160.114
12 1220.175
14 1221.681
16 1219.535
18 1219.300
20 1219.867
22 1213.070
24 1216.042
