2 558.294
4 383.149
6 491.115
8 487.163
10 434.406
12 432.687
14 439.088
16 443.715
18 432.970
20 432.904
22 432.052
24 453.818
2 556.529
4 380.067
6 484.389
8 485.617
10 429.723
12 438.676
14 442.183
16 459.023
18 431.789
20 443.358
22 480.941
24 435.657
2 555.839
4 383.621
6 479.161
8 488.213
10 410.615
12 429.590
14 434.548
16 432.251
18 439.728
20 446.683
22 441.724
24 435.203
2 559.116
4 467.453
6 483.095
8 485.450
10 445.124
12 427.828
14 430.083
16 441.995
18 453.432
20 438.201
22 430.532
24 433.910
2 552.379
4 389.562
6 479.042
8 486.433
10 418.937
12 431.662
14 434.866
16 458.611
18 434.367
20 437.226
22 439.671
24 433.992
2 555.565
4 387.267
6 506.747
8 527.510
10 417.551
12 440.216
14 448.205
16 442.624
18 439.465
20 440.554
22 440.502
24 435.358
2 563.743
4 438.955
6 488.184
8 489.076
10 416.539
12 455.089
14 434.851
16 435.508
18 442.811
20 438.854
22 440.979
24 433.914
2 568.971
4 417.830
6 489.760
8 483.126
10 437.551
12 442.634
14 438.476
16 436.143
18 427.624
20 435.963
22 431.884
24 438.983
2 584.304
4 388.202
6 491.747
8 636.327
10 423.361
12 425.043
14 429.104
16 435.722
18 442.408
20 440.276
22 435.556
24 436.536
2 555.527
4 381.762
6 510.035
8 487.665
10 419.687
12 432.718
14 431.954
16 436.472
18 429.963
20 439.886
22 440.474
24 436.701
