2 566.358
4 461.792
6 516.472
8 493.724
10 439.484
12 440.856
14 445.875
16 446.375
18 440.956
20 449.289
22 444.721
24 436.723
2 586.401
4 383.182
6 485.513
8 509.119
10 431.158
12 442.288
14 445.595
16 443.070
18 440.180
20 440.282
22 450.526
24 459.775
2 560.833
4 396.721
6 488.432
8 497.906
10 432.126
12 452.156
14 439.254
16 443.169
18 449.312
20 438.148
22 459.054
24 448.995
2 569.237
4 393.558
6 503.547
8 504.852
10 431.631
12 449.879
14 440.943
16 442.472
18 443.279
20 454.485
22 440.573
24 448.493
2 565.625
4 455.904
6 485.887
8 491.768
10 427.273
12 454.885
14 443.042
16 444.211
18 457.384
20 441.585
22 446.023
24 441.773
2 577.410
4 302.147
6 482.758
8 525.692
10 439.461
12 444.443
14 453.224
16 457.417
18 444.145
20 439.679
22 444.954
24 445.813
2 564.200
4 394.577
6 478.223
8 500.679
10 432.099
12 441.173
14 456.598
16 442.582
18 444.759
20 440.251
22 446.193
24 441.029
2 569.767
4 388.220
6 495.368
8 502.764
10 429.494
12 451.999
14 445.518
16 440.859
18 445.238
20 444.135
22 443.357
24 439.098
2 568.379
4 389.912
6 494.182
8 494.097
10 443.166
12 445.795
14 446.636
16 438.708
18 445.005
20 447.253
22 453.052
24 444.811
2 564.201
4 433.175
6 493.397
8 565.289
10 430.476
12 444.910
14 439.098
16 440.653
18 446.503
20 445.175
22 446.153
24 443.653
