2 922.530
4 625.813
6 593.108
8 457.114
10 555.683
12 544.354
14 529.146
16 502.584
18 521.836
20 526.643
22 513.952
24 525.384
2 974.592
4 637.588
6 615.148
8 446.452
10 566.225
12 546.674
14 518.168
16 508.891
18 515.809
20 515.924
22 516.702
24 524.491
2 945.800
4 594.378
6 573.652
8 480.707
10 552.992
12 529.481
14 512.727
16 515.242
18 519.187
20 519.283
22 514.948
24 538.880
2 934.796
4 591.167
6 592.635
8 444.748
10 560.094
12 535.674
14 513.906
16 523.583
18 531.883
20 514.979
22 517.176
24 520.851
2 915.469
4 596.212
6 592.414
8 453.608
10 566.529
12 530.782
14 518.976
16 519.665
18 517.886
20 514.947
22 514.194
24 513.499
2 922.884
4 753.714
6 590.202
8 442.767
10 555.066
12 533.905
14 521.467
16 511.576
18 517.487
20 514.312
22 535.636
24 521.129
2 914.861
4 595.200
6 596.159
8 435.444
10 548.869
12 537.508
14 522.802
16 531.199
18 518.562
20 517.181
22 516.571
24 528.470
2 925.729
4 594.507
6 590.420
8 503.144
10 555.083
12 526.506
14 540.199
16 513.008
18 517.096
20 515.465
22 510.561
24 522.725
2 931.398
4 597.316
6 594.603
8 439.817
10 558.278
12 555.523
14 516.784
16 504.767
18 521.148
20 515.964
22 534.486
24 516.719
2 923.795
4 606.762
6 613.096
8 439.270
10 559.776
12 532.834
14 532.517
16 498.306
18 519.321
20 518.442
22 523.517
24 513.579
