2 2191.184
4 1251.266
6 1469.638
8 1122.862
10 1431.586
12 1383.690
14 1352.901
16 1326.971
18 1390.957
20 1405.194
22 1386.250
24 1390.483
2 2129.482
4 1239.485
6 1480.792
8 1030.203
10 1439.314
12 1366.073
14 1357.890
16 1319.814
18 1391.961
20 1405.732
22 1369.826
24 1371.180
2 2187.416
4 1244.054
6 1450.925
8 1028.637
10 1434.180
12 1367.193
14 1353.578
16 1315.952
18 1414.599
20 1379.803
22 1368.128
24 1362.239
2 2273.438
4 1242.250
6 1393.462
8 1126.161
10 1433.797
12 1374.041
14 1343.542
16 1309.670
18 1382.232
20 1413.463
22 1365.512
24 1386.795
2 2214.472
4 1249.770
6 1495.925
8 1147.323
10 1442.844
12 1383.815
14 1366.418
16 1305.594
18 1396.559
20 1408.413
22 1371.194
24 1358.750
2 2180.804
4 1348.793
6 1467.781
8 1271.513
10 1497.498
12 1462.491
14 1355.016
16 1304.423
18 1413.218
20 1380.722
22 1369.072
24 1389.337
2 2144.139
4 1249.464
6 1505.829
8 1106.706
10 1437.536
12 1403.420
14 1384.965
16 1360.290
18 1405.936
20 1387.007
22 1377.271
24 1370.545
2 2284.085
4 1388.005
6 1488.045
8 1029.629
10 1430.998
12 1391.462
14 1380.527
16 1331.970
18 1401.126
20 1390.728
22 1389.884
24 1356.016
2 2185.408
4 1271.717
6 1437.985
8 1026.521
10 1445.819
12 1396.707
14 1351.353
16 1330.190
18 1396.117
20 1385.733
22 1379.962
24 1390.274
2 2187.664
4 1255.485
6 1451.313
8 1030.271
10 1433.250
12 1377.747
14 1367.809
16 1337.550
18 1404.415
20 1389.086
22 1380.697
24 1372.363
