2 2293.039
4 1325.280
6 1179.895
8 1149.213
10 1068.976
12 1073.515
14 1078.966
16 1084.566
18 1118.986
20 1094.158
22 1103.399
24 1110.890
2 2239.357
4 1278.291
6 1177.660
8 1054.229
10 1093.260
12 1078.078
14 1083.227
16 1083.450
18 1093.581
20 1123.503
22 1098.994
24 1104.329
2 2224.290
4 1289.707
6 1178.060
8 1053.711
10 1069.942
12 1099.584
14 1077.939
16 1086.367
18 1091.117
20 1102.552
22 1112.276
24 1108.020
2 2237.256
4 1368.220
6 1177.965
8 1053.238
10 1068.313
12 1100.209
14 1079.666
16 1085.382
18 1089.203
20 1097.180
22 1127.893
24 1109.746
2 2234.632
4 1381.753
6 1175.759
8 1056.372
10 1070.898
12 1072.339
14 1115.189
16 1085.676
18 1088.741
20 1096.728
22 1104.059
24 1133.515
2 2331.383
4 1284.400
6 1243.089
8 1055.078
10 1073.823
12 1072.214
14 1076.706
16 1114.348
18 1087.152
20 1097.883
22 1101.153
24 1135.788
2 2222.248
4 1271.173
6 1179.216
8 1176.651
10 1075.128
12 1072.862
14 1080.840
16 1110.285
18 1091.597
20 1093.295
22 1102.835
24 1107.515
2 2365.976
4 1270.885
6 1177.214
8 1155.934
10 1069.281
12 1074.221
14 1082.150
16 1086.288
18 1117.130
20 1094.485
22 1101.884
24 1107.584
2 2255.028
4 1252.357
6 1184.392
8 1066.040
10 1094.011
12 1073.172
14 1076.562
16 1083.404
18 1092.543
20 1116.022
22 1103.659
24 1103.139
2 2225.514
4 1316.268
6 1176.427
8 1053.109
10 1070.280
12 1100.576
14 1076.685
16 1083.772
18 1093.296
20 1118.462
22 1100.129
24 1105.504
