2 2250.068
4 1276.803
6 1155.510
8 1035.787
10 1050.463
12 1081.611
14 1083.491
16 1070.281
18 1070.932
20 1104.129
22 1088.648
24 1092.000
2 2212.351
4 1412.368
6 1163.570
8 1036.597
10 1049.512
12 1118.956
14 1060.625
16 1067.733
18 1069.722
20 1072.583
22 1113.453
24 1089.000
2 2207.270
4 1306.074
6 1194.843
8 1036.520
10 1048.979
12 1076.659
14 1087.064
16 1099.117
18 1090.717
20 1074.545
22 1082.668
24 1114.154
2 2198.593
4 1284.522
6 1174.818
8 1038.024
10 1049.741
12 1053.686
14 1058.557
16 1097.475
18 1070.400
20 1076.935
22 1082.683
24 1089.346
2 2216.519
4 1231.103
6 1156.519
8 1209.844
10 1067.098
12 1059.313
14 1062.087
16 1069.291
18 1101.836
20 1074.510
22 1084.656
24 1091.713
2 2342.830
4 1250.439
6 1155.490
8 1037.038
10 1074.681
12 1054.828
14 1059.304
16 1062.897
18 1072.457
20 1104.066
22 1084.038
24 1087.957
2 2232.261
4 1256.986
6 1155.497
8 1036.251
10 1051.242
12 1082.215
14 1062.652
16 1064.042
18 1069.528
20 1103.397
22 1118.989
24 1084.676
2 2209.967
4 1363.735
6 1185.810
8 1036.206
10 1050.247
12 1067.815
14 1085.890
16 1069.966
18 1069.640
20 1076.435
22 1095.639
24 1096.419
2 2319.078
4 1298.875
6 1187.072
8 1035.413
10 1054.987
12 1058.357
14 1079.892
16 1069.657
18 1071.899
20 1073.350
22 1085.615
24 1116.351
2 2203.364
4 1257.111
6 1155.276
8 1139.670
10 1049.612
12 1052.999
14 1058.868
16 1087.862
18 1071.131
20 1076.341
22 1084.306
24 1087.293
