2 1095.540
4 646.530
6 566.961
8 441.763
10 542.845
12 508.034
14 509.792
16 501.461
18 508.513
20 502.145
22 500.522
24 499.178
2 948.140
4 575.810
6 576.491
8 506.703
10 549.949
12 511.463
14 502.184
16 499.026
18 509.793
20 506.928
22 505.015
24 501.541
2 909.376
4 577.342
6 579.630
8 502.302
10 544.292
12 512.181
14 496.897
16 504.557
18 506.345
20 524.004
22 503.245
24 500.159
2 914.049
4 572.036
6 585.108
8 422.337
10 551.716
12 514.497
14 517.764
16 510.756
18 504.931
20 509.818
22 505.760
24 504.314
2 902.083
4 531.495
6 566.337
8 509.583
10 545.906
12 519.165
14 501.400
16 507.238
18 502.491
20 507.173
22 503.999
24 510.398
2 901.757
4 589.153
6 588.071
8 477.714
10 548.015
12 515.407
14 497.011
16 511.231
18 508.114
20 505.601
22 520.196
24 510.853
2 925.028
4 581.092
6 591.985
8 439.064
10 549.117
12 502.891
14 507.296
16 505.932
18 505.101
20 500.110
22 500.835
24 502.498
2 934.679
4 572.721
6 577.468
8 524.354
10 541.624
12 513.144
14 491.003
16 496.528
18 511.111
20 502.177
22 504.588
24 506.100
2 910.851
4 566.780
6 574.421
8 437.120
10 546.165
12 521.914
14 500.806
16 477.980
18 506.934
20 502.259
22 520.454
24 507.515
2 942.037
4 567.784
6 586.481
8 436.749
10 543.723
12 516.521
14 495.178
16 527.481
18 509.554
20 504.737
22 498.403
24 502.004
