2 4431.007
4 4441.295
6 4436.736
8 4280.900
10 4451.215
12 4492.160
14 4458.747
16 4475.651
18 4452.717
20 4474.380
22 4449.510
24 4430.362
2 4293.105
4 4279.888
6 4287.083
8 4491.349
10 4463.776
12 4583.475
14 4438.681
16 4447.410
18 4291.119
20 4422.264
22 4502.376
24 4290.543
2 4440.354
4 4534.420
6 4452.003
8 4786.395
10 4427.097
12 4438.772
14 4542.089
16 4437.347
18 4403.054
20 4485.401
22 4441.121
24 4488.379
2 4274.552
4 4434.815
6 4448.708
8 4428.664
10 4446.368
12 4397.435
14 4495.553
16 4474.926
18 4452.270
20 4533.312
22 4445.665
24 4452.225
2 4516.240
4 4759.920
6 4459.627
8 4351.887
10 4464.411
12 4447.221
14 4441.599
16 4422.164
18 4458.199
20 4439.546
22 4426.672
24 4531.025
2 4444.195
4 4522.532
6 4459.729
8 4293.156
10 4454.223
12 4421.680
14 4449.838
16 4430.557
18 4428.664
20 4443.381
22 4275.398
24 4286.432
2 4454.255
4 4453.425
6 4455.392
8 4445.989
10 4435.910
12 4450.423
14 4437.263
16 4454.660
18 4498.290
20 4448.345
22 4451.195
24 4459.959
2 4461.139
4 4451.231
6 4441.865
8 4420.967
10 4445.084
12 4449.504
14 4435.914
16 4438.695
18 4289.541
20 4452.934
22 4613.646
24 4440.974
2 4430.844
4 4433.431
6 4456.264
8 4518.069
10 4458.907
12 4540.066
14 4460.104
16 4436.880
18 4434.347
20 4444.234
22 4290.918
24 4450.362
2 4490.830
4 4380.380
6 4315.494
8 4439.355
10 4446.415
12 4439.324
14 4409.856
16 4595.560
18 4523.408
20 4421.561
22 4454.858
24 4445.312
