2 2409.572
4 1336.614
6 1496.151
8 1047.678
10 1466.858
12 1402.361
14 1373.250
16 1353.173
18 1429.644
20 1393.856
22 1391.909
24 1385.365
2 2233.574
4 1272.334
6 1526.110
8 1140.237
10 1461.533
12 1393.887
14 1377.687
16 1346.410
18 1409.138
20 1412.079
22 1403.305
24 1390.728
2 2161.312
4 1317.061
6 1463.111
8 1046.219
10 1453.874
12 1417.622
14 1378.886
16 1359.389
18 1421.737
20 1410.412
22 1396.245
24 1398.733
2 2609.670
4 1362.273
6 1498.162
8 1163.804
10 1454.165
12 1408.047
14 1373.993
16 1339.528
18 1414.941
20 1383.615
22 1396.900
24 1408.468
2 2182.432
4 1268.271
6 1459.530
8 1043.409
10 1456.854
12 1400.275
14 1381.292
16 1347.636
18 1434.918
20 1423.122
22 1405.809
24 1393.089
2 2246.432
4 1303.487
6 1486.270
8 1062.292
10 1469.217
12 1386.237
14 1368.894
16 1342.071
18 1433.834
20 1407.333
22 1397.109
24 1398.589
2 2406.112
4 1269.671
6 1538.586
8 1043.283
10 1449.171
12 1371.571
14 1390.746
16 1355.476
18 1413.389
20 1427.477
22 1401.576
24 1384.820
2 2276.781
4 1395.817
6 1479.313
8 1050.849
10 1451.232
12 1405.624
14 1382.153
16 1309.500
18 1432.109
20 1408.530
22 1401.527
24 1389.723
2 2177.698
4 1285.903
6 1477.098
8 1143.464
10 1456.286
12 1380.561
14 1367.323
16 1383.438
18 1437.976
20 1413.550
22 1390.423
24 1392.702
2 2258.008
4 1322.032
6 1431.436
8 1046.846
10 1457.631
12 1400.644
14 1371.758
16 1353.612
18 1415.851
20 1420.029
22 1385.342
24 1392.588
