2 2361.754
4 1409.203
6 1377.380
8 1034.582
10 1345.951
12 1337.781
14 1319.520
16 1295.782
18 1301.628
20 1315.009
22 1273.545
24 1265.404
2 2165.406
4 1386.695
6 1376.312
8 1034.405
10 1355.543
12 1309.027
14 1331.259
16 1337.011
18 1315.595
20 1298.308
22 1298.059
24 1258.675
2 2184.469
4 1256.686
6 1374.837
8 1131.781
10 1348.774
12 1326.765
14 1331.744
16 1344.550
18 1318.139
20 1294.218
22 1300.895
24 1284.041
2 2176.260
4 1394.900
6 1421.473
8 1035.612
10 1351.184
12 1316.012
14 1370.152
16 1306.512
18 1298.511
20 1292.792
22 1295.493
24 1267.662
2 2155.991
4 1354.841
6 1405.551
8 1035.784
10 1356.483
12 1320.114
14 1324.157
16 1306.411
18 1313.663
20 1318.737
22 1294.742
24 1264.150
2 2186.316
4 1269.159
6 1375.222
8 1036.414
10 1371.210
12 1302.201
14 1357.940
16 1318.518
18 1314.602
20 1301.178
22 1302.730
24 1278.924
2 2213.822
4 1262.719
6 1377.090
8 1121.448
10 1356.068
12 1290.886
14 1335.611
16 1359.432
18 1296.803
20 1294.662
22 1286.698
24 1284.300
2 2154.921
4 1263.310
6 1395.379
8 1034.572
10 1348.577
12 1308.199
14 1341.178
16 1304.450
18 1308.554
20 1299.282
22 1310.021
24 1278.684
2 2155.448
4 1339.530
6 1379.625
8 1035.650
10 1349.894
12 1288.265
14 1339.266
16 1301.211
18 1308.711
20 1311.762
22 1269.263
24 1265.381
2 2283.905
4 1252.373
6 1383.250
8 1035.790
10 1362.233
12 1299.323
14 1347.655
16 1302.072
18 1319.714
20 1294.798
22 1272.095
24 1286.633
