2 1916.722
4 1934.375
6 1951.304
8 1943.953
10 2065.789
12 1943.357
14 1940.669
16 1947.140
18 1938.772
20 1954.930
22 1887.841
24 1942.276
2 1947.910
4 1943.423
6 1977.901
8 1884.049
10 1938.418
12 1968.474
14 1943.839
16 1945.667
18 1942.472
20 1952.098
22 1943.859
24 1888.934
2 1955.194
4 1945.016
6 1942.983
8 1914.319
10 1942.811
12 1942.815
14 1942.382
16 1944.743
18 1945.021
20 1943.063
22 1946.989
24 1941.109
2 1947.901
4 1993.602
6 1942.402
8 1943.056
10 1943.933
12 1942.925
14 1950.643
16 1943.002
18 1947.274
20 1881.737
22 1943.560
24 1888.523
2 1910.611
4 1945.455
6 1932.466
8 1936.060
10 1942.746
12 1884.957
14 1937.433
16 1984.501
18 2174.697
20 1966.809
22 1801.338
24 1944.229
2 1944.814
4 1945.458
6 1946.951
8 1888.532
10 1943.118
12 1935.379
14 1939.712
16 1948.871
18 1944.922
20 2015.663
22 1949.568
24 1883.235
2 1942.848
4 1891.045
6 1941.419
8 2035.910
10 1883.964
12 1946.297
14 1951.582
16 1911.799
18 1947.043
20 1885.509
22 1944.006
24 1946.512
2 1937.202
4 1970.683
6 1949.476
8 1942.986
10 1957.293
12 1885.200
14 1947.039
16 1948.327
18 1949.043
20 1926.326
22 1968.246
24 1970.302
2 1942.988
4 1944.038
6 1992.434
8 1886.845
10 1933.865
12 1942.058
14 1885.765
16 1996.020
18 1883.270
20 1941.949
22 1945.049
24 1946.863
2 1950.982
4 1941.822
6 1790.224
8 1988.444
10 1883.587
12 1944.298
14 1882.755
16 2002.930
18 1947.047
20 1941.595
22 1944.052
24 1883.980
