2 202.550
4 166.903
6 123.673
8 201.119
10 196.829
12 201.555
14 197.263
16 202.202
18 201.324
20 203.285
22 201.165
24 203.035
2 201.589
4 170.358
6 199.836
8 197.089
10 195.712
12 202.759
14 201.052
16 188.327
18 192.781
20 202.308
22 202.458
24 199.093
2 201.428
4 196.526
6 198.798
8 201.773
10 201.148
12 202.707
14 196.878
16 202.622
18 196.696
20 200.184
22 190.498
24 195.619
2 203.385
4 171.798
6 196.546
8 200.670
10 196.114
12 201.351
14 196.329
16 204.642
18 117.739
20 199.824
22 200.435
24 202.045
2 190.242
4 202.072
6 194.928
8 182.248
10 202.144
12 203.191
14 195.419
16 195.374
18 197.855
20 191.603
22 170.818
24 202.195
2 201.035
4 203.280
6 121.022
8 202.943
10 194.178
12 203.257
14 121.015
16 202.911
18 186.375
20 202.687
22 201.408
24 198.950
2 136.298
4 192.907
6 202.394
8 196.496
10 202.420
12 201.144
14 196.763
16 200.795
18 206.785
20 195.470
22 196.838
24 188.890
2 196.679
4 164.623
6 195.462
8 191.034
10 202.639
12 195.070
14 195.715
16 202.886
18 159.061
20 196.786
22 196.958
24 189.518
2 202.799
4 122.209
6 197.241
8 201.050
10 193.357
12 202.370
14 202.278
16 192.311
18 201.887
20 198.874
22 195.791
24 199.966
2 195.699
4 202.681
6 201.894
8 201.148
10 196.344
12 196.238
14 202.581
16 192.997
18 204.461
20 202.436
22 198.690
24 197.241
