2 193.046
4 201.673
6 195.317
8 198.676
10 206.054
12 208.818
14 204.198
16 209.090
18 206.188
20 201.319
22 195.228
24 171.546
2 201.760
4 199.064
6 204.661
8 204.259
10 198.536
12 197.191
14 201.088
16 192.120
18 125.263
20 205.063
22 208.875
24 204.744
2 198.740
4 205.496
6 203.911
8 123.156
10 209.493
12 198.198
14 197.791
16 172.411
18 209.491
20 208.539
22 193.931
24 204.077
2 197.590
4 198.803
6 180.279
8 209.900
10 198.492
12 130.920
14 204.085
16 200.241
18 167.764
20 202.778
22 205.376
24 202.505
2 124.175
4 207.455
6 197.698
8 180.423
10 188.130
12 196.057
14 205.634
16 206.514
18 188.596
20 183.348
22 208.773
24 207.562
2 201.848
4 192.299
6 207.227
8 207.951
10 206.230
12 204.998
14 185.481
16 204.277
18 197.650
20 203.767
22 166.364
24 195.731
2 199.799
4 208.177
6 203.815
8 194.449
10 205.962
12 194.910
14 208.902
16 204.131
18 242.285
20 189.114
22 204.461
24 191.863
2 209.232
4 189.403
6 198.490
8 201.807
10 175.582
12 176.942
14 201.415
16 207.703
18 122.873
20 208.028
22 120.885
24 201.459
2 199.236
4 198.986
6 207.942
8 203.624
10 198.770
12 203.579
14 197.407
16 126.670
18 207.719
20 185.074
22 205.806
24 198.241
2 130.415
4 204.376
6 123.372
8 205.159
10 204.470
12 202.410
14 208.954
16 198.962
18 204.504
20 203.957
22 127.004
24 203.399
