2 55.998
4 78.553
6 60.386
8 38.069
10 42.886
12 39.109
14 39.304
16 37.007
18 37.916
20 40.859
22 40.796
24 41.809
2 57.232
4 79.035
6 120.041
8 150.223
10 41.979
12 39.550
14 37.738
16 35.752
18 38.030
20 43.207
22 41.754
24 41.648
2 57.954
4 78.327
6 64.948
8 45.106
10 44.867
12 40.484
14 38.690
16 35.660
18 39.525
20 39.278
22 44.027
24 52.730
2 58.073
4 76.270
6 48.914
8 50.642
10 41.907
12 39.282
14 40.188
16 36.206
18 39.889
20 40.717
22 42.075
24 41.111
2 55.947
4 83.393
6 72.854
8 63.956
10 43.508
12 41.100
14 40.707
16 36.235
18 40.359
20 48.373
22 50.686
24 54.711
2 59.681
4 83.855
6 53.620
8 123.160
10 42.009
12 40.359
14 39.088
16 37.538
18 39.082
20 40.664
22 44.559
24 42.090
2 59.635
4 89.306
6 82.462
8 49.026
10 45.924
12 40.677
14 41.979
16 45.010
18 43.574
20 51.390
22 51.087
24 47.805
2 59.645
4 74.198
6 64.325
8 49.201
10 42.081
12 40.370
14 40.021
16 36.647
18 38.137
20 39.372
22 41.760
24 40.899
2 59.630
4 70.053
6 55.237
8 28.356
10 41.592
12 38.829
14 43.753
16 40.920
18 43.939
20 51.163
22 47.295
24 50.700
2 59.779
4 77.271
6 49.166
8 41.191
10 42.944
12 38.271
14 40.679
16 37.727
18 37.453
20 39.984
22 41.081
24 40.384
