2 199.701
4 202.464
6 189.272
8 121.560
10 174.839
12 202.921
14 200.207
16 199.646
18 202.429
20 162.657
22 200.798
24 203.347
2 193.626
4 201.291
6 186.483
8 202.571
10 160.857
12 191.088
14 200.604
16 195.032
18 181.260
20 203.069
22 192.950
24 202.625
2 199.111
4 197.826
6 195.534
8 200.615
10 202.849
12 248.735
14 200.670
16 202.748
18 199.420
20 189.575
22 202.814
24 168.641
2 201.914
4 194.861
6 203.340
8 203.963
10 203.434
12 196.253
14 203.155
16 196.634
18 193.705
20 198.365
22 200.241
24 201.660
2 204.714
4 201.794
6 202.273
8 202.709
10 198.353
12 125.642
14 203.283
16 126.955
18 203.106
20 195.854
22 191.202
24 195.055
2 202.238
4 201.957
6 202.693
8 202.867
10 202.354
12 202.537
14 203.068
16 194.539
18 189.115
20 200.402
22 195.707
24 201.500
2 196.089
4 194.185
6 201.848
8 202.790
10 196.385
12 202.590
14 196.647
16 201.741
18 144.883
20 173.502
22 203.337
24 203.300
2 195.092
4 202.467
6 198.789
8 195.652
10 202.522
12 197.684
14 203.382
16 189.055
18 192.690
20 194.391
22 202.938
24 120.431
2 194.691
4 201.519
6 202.245
8 188.461
10 168.361
12 192.357
14 202.688
16 203.736
18 201.746
20 203.398
22 178.379
24 201.446
2 196.738
4 179.070
6 200.797
8 201.982
10 190.378
12 201.390
14 191.370
16 198.829
18 202.003
20 190.572
22 198.171
24 197.475
