2 118.674
4 82.050
6 46.472
8 239.541
10 37.750
12 37.841
14 38.662
16 38.347
18 37.272
20 36.974
22 37.492
24 38.322
2 61.025
4 69.824
6 43.887
8 98.402
10 37.032
12 36.290
14 39.253
16 36.569
18 36.412
20 36.390
22 38.940
24 43.646
2 60.229
4 75.669
6 48.190
8 79.150
10 42.976
12 34.191
14 39.169
16 36.166
18 37.236
20 35.321
22 36.314
24 37.973
2 60.970
4 99.962
6 55.575
8 35.891
10 39.549
12 33.334
14 39.967
16 37.029
18 35.910
20 35.876
22 36.558
24 44.171
2 59.915
4 78.011
6 42.144
8 102.885
10 36.748
12 35.751
14 38.775
16 36.448
18 35.348
20 37.409
22 36.771
24 36.942
2 58.019
4 78.764
6 44.185
8 31.654
10 37.004
12 35.122
14 40.833
16 36.897
18 36.886
20 36.719
22 36.944
24 37.362
2 58.980
4 52.951
6 35.172
8 229.526
10 36.316
12 38.001
14 37.736
16 35.863
18 35.835
20 36.241
22 37.098
24 38.020
2 57.142
4 86.545
6 59.361
8 30.280
10 37.722
12 37.157
14 38.783
16 36.856
18 35.487
20 37.210
22 35.991
24 36.307
2 59.244
4 58.867
6 35.322
8 177.367
10 37.260
12 36.068
14 80.291
16 55.978
18 46.268
20 40.349
22 38.687
24 39.548
2 61.027
4 41.620
6 36.815
8 313.288
10 39.978
12 36.310
14 38.228
16 37.501
18 35.449
20 35.845
22 36.703
24 37.146
