2 63.765
4 57.080
6 51.941
8 326.612
10 30.418
12 31.345
14 32.023
16 32.450
18 36.748
20 34.040
22 34.797
24 35.017
2 63.854
4 69.878
6 53.381
8 46.812
10 35.692
12 32.745
14 32.209
16 33.297
18 33.488
20 33.986
22 35.019
24 34.983
2 65.905
4 42.435
6 44.527
8 288.777
10 29.916
12 30.735
14 31.558
16 32.309
18 33.300
20 33.269
22 34.706
24 34.899
2 61.425
4 76.636
6 63.055
8 48.385
10 39.167
12 35.019
14 32.557
16 32.414
18 33.943
20 34.221
22 33.603
24 34.467
2 63.917
4 62.047
6 46.628
8 252.598
10 30.446
12 31.100
14 31.486
16 32.443
18 36.152
20 40.418
22 41.239
24 34.881
2 63.804
4 69.898
6 53.900
8 44.226
10 38.204
12 34.463
14 32.461
16 32.311
18 33.311
20 33.342
22 33.936
24 35.429
2 63.413
4 51.948
6 51.018
8 232.919
10 30.852
12 31.116
14 32.362
16 33.003
18 33.704
20 34.286
22 35.176
24 35.548
2 63.639
4 56.360
6 49.220
8 41.322
10 37.346
12 33.549
14 32.228
16 32.739
18 32.744
20 33.906
22 34.765
24 35.928
2 63.506
4 68.172
6 56.070
8 236.814
10 30.396
12 30.946
14 32.310
16 32.991
18 34.277
20 34.540
22 34.764
24 35.519
2 61.460
4 53.826
6 55.551
8 45.419
10 37.826
12 33.563
14 33.469
16 32.293
18 33.020
20 33.993
22 34.947
24 34.736
