2 59.586
4 70.664
6 57.569
8 29.247
10 42.639
12 42.474
14 45.349
16 44.024
18 43.851
20 45.955
22 52.977
24 52.103
2 60.344
4 75.364
6 60.491
8 32.370
10 42.843
12 41.108
14 37.784
16 36.751
18 38.205
20 41.211
22 42.147
24 43.333
2 58.603
4 69.854
6 57.293
8 34.635
10 43.027
12 44.509
14 46.271
16 42.625
18 45.085
20 58.124
22 48.874
24 52.271
2 58.682
4 68.932
6 65.934
8 70.673
10 42.716
12 43.097
14 38.894
16 37.679
18 40.425
20 40.849
22 43.018
24 44.338
2 62.618
4 76.047
6 69.937
8 35.785
10 47.574
12 83.484
14 55.143
16 66.273
18 70.590
20 70.417
22 59.141
24 49.240
2 62.511
4 85.403
6 46.209
8 29.663
10 43.070
12 40.275
14 39.367
16 37.622
18 48.288
20 48.846
22 50.811
24 50.194
2 62.579
4 72.195
6 61.763
8 37.000
10 44.348
12 40.098
14 43.786
16 38.474
18 40.345
20 41.627
22 42.404
24 42.982
2 61.694
4 89.466
6 59.670
8 36.617
10 43.427
12 42.026
14 45.971
16 47.263
18 47.027
20 48.105
22 52.015
24 55.032
2 58.820
4 71.389
6 49.443
8 34.165
10 43.458
12 40.836
14 42.377
16 38.011
18 39.235
20 41.839
22 42.979
24 42.992
2 58.696
4 70.694
6 55.063
8 32.776
10 43.791
12 48.586
14 48.676
16 42.494
18 50.834
20 50.958
22 51.795
24 49.102
