2 95.268
4 87.145
6 51.280
8 42.478
10 34.134
12 31.638
14 32.036
16 32.325
18 33.790
20 34.148
22 34.892
24 35.405
2 64.207
4 64.891
6 47.800
8 38.880
10 39.236
12 42.659
14 37.206
16 43.515
18 38.178
20 38.678
22 38.444
24 39.698
2 60.939
4 68.828
6 53.673
8 37.418
10 34.540
12 32.029
14 30.582
16 31.266
18 32.710
20 33.357
22 33.982
24 33.963
2 65.240
4 33.270
6 32.076
8 27.891
10 29.499
12 30.386
14 30.995
16 31.805
18 31.771
20 39.179
22 38.271
24 38.499
2 63.283
4 61.579
6 51.451
8 47.832
10 33.002
12 30.662
14 30.807
16 31.134
18 32.625
20 32.863
22 33.453
24 35.073
2 59.237
4 50.134
6 48.515
8 34.884
10 30.325
12 29.749
14 30.364
16 31.374
18 32.058
20 32.926
22 32.449
24 33.718
2 61.251
4 47.871
6 42.375
8 289.542
10 29.373
12 30.183
14 30.980
16 31.831
18 32.050
20 32.917
22 32.839
24 33.722
2 61.080
4 58.902
6 50.220
8 40.599
10 36.332
12 33.297
14 39.294
16 38.958
18 34.562
20 33.372
22 33.679
24 33.389
2 61.703
4 46.963
6 44.282
8 286.714
10 29.027
12 30.002
14 30.646
16 30.977
18 32.251
20 33.314
22 32.968
24 34.444
2 60.911
4 52.499
6 52.601
8 42.645
10 34.798
12 31.966
14 31.134
16 31.061
18 32.217
20 32.449
22 33.401
24 34.034
