2 200.600
4 132.418
6 184.696
8 159.985
10 127.364
12 160.674
14 161.216
16 172.628
18 157.127
20 157.483
22 181.785
24 151.999
2 203.424
4 126.842
6 172.561
8 158.108
10 123.587
12 151.511
14 209.742
16 140.728
18 208.455
20 252.591
22 168.926
24 181.603
2 201.430
4 195.659
6 164.974
8 159.642
10 126.482
12 134.603
14 162.316
16 208.016
18 241.124
20 188.319
22 201.416
24 153.986
2 187.824
4 209.141
6 139.983
8 158.959
10 127.307
12 142.982
14 136.033
16 131.270
18 137.420
20 220.612
22 226.015
24 217.126
2 122.332
4 127.117
6 156.415
8 201.969
10 127.565
12 130.968
14 144.468
16 161.537
18 198.807
20 185.603
22 155.655
24 135.922
2 163.439
4 201.303
6 231.575
8 168.707
10 127.291
12 145.040
14 143.046
16 164.192
18 165.698
20 154.861
22 199.666
24 160.540
2 130.985
4 123.901
6 153.853
8 167.336
10 125.089
12 129.540
14 135.260
16 132.483
18 185.196
20 144.656
22 165.857
24 223.959
2 118.283
4 194.902
6 143.934
8 185.053
10 137.699
12 142.583
14 139.293
16 241.747
18 229.890
20 193.486
22 238.683
24 217.099
2 159.269
4 205.333
6 145.685
8 173.383
10 124.794
12 143.147
14 159.718
16 167.791
18 185.062
20 178.667
22 219.036
24 184.197
2 126.376
4 189.019
6 163.988
8 159.326
10 127.708
12 154.039
14 172.007
16 202.567
18 154.406
20 270.369
22 202.929
24 201.313
