2 110.456
4 118.481
6 141.764
8 151.033
10 118.230
12 119.061
14 137.880
16 153.000
18 201.084
20 163.526
22 157.567
24 134.317
2 129.141
4 199.952
6 163.085
8 179.606
10 125.979
12 150.816
14 181.807
16 160.125
18 165.040
20 141.250
22 124.698
24 172.623
2 133.937
4 196.554
6 154.197
8 161.325
10 125.925
12 140.803
14 123.832
16 134.447
18 141.402
20 125.512
22 163.280
24 150.121
2 145.908
4 120.909
6 151.326
8 161.973
10 118.525
12 153.134
14 143.076
16 159.902
18 129.832
20 124.867
22 167.407
24 179.461
2 156.953
4 130.945
6 180.700
8 161.088
10 129.775
12 159.614
14 159.752
16 124.667
18 124.035
20 136.834
22 161.146
24 134.198
2 118.641
4 193.214
6 162.145
8 166.288
10 123.705
12 126.141
14 126.150
16 134.958
18 139.276
20 183.890
22 166.304
24 186.032
2 118.412
4 164.308
6 168.901
8 155.392
10 123.866
12 135.611
14 208.398
16 172.821
18 170.499
20 171.223
22 202.032
24 192.314
2 147.248
4 202.131
6 146.282
8 166.917
10 123.723
12 136.601
14 133.930
16 145.996
18 161.080
20 137.004
22 168.071
24 193.640
2 124.709
4 196.455
6 154.591
8 180.253
10 131.042
12 139.286
14 137.380
16 123.741
18 130.015
20 196.323
22 191.872
24 165.145
2 131.156
4 202.896
6 161.642
8 165.105
10 123.969
12 139.799
14 167.533
16 138.894
18 151.086
20 124.184
22 133.399
24 193.764
