2 200.589
4 203.627
6 204.258
8 201.938
10 201.886
12 203.294
14 194.728
16 197.109
18 196.715
20 200.081
22 200.100
24 121.367
2 203.450
4 189.207
6 200.945
8 134.400
10 203.592
12 203.911
14 203.698
16 197.335
18 204.081
20 201.164
22 196.559
24 184.855
2 204.184
4 194.373
6 202.516
8 205.020
10 204.623
12 197.734
14 203.305
16 205.097
18 192.105
20 203.143
22 204.626
24 181.699
2 208.013
4 203.818
6 203.934
8 201.967
10 203.251
12 197.221
14 203.204
16 201.367
18 202.586
20 203.249
22 197.150
24 202.983
2 195.367
4 193.292
6 198.180
8 196.085
10 202.576
12 196.753
14 196.070
16 204.723
18 203.530
20 200.820
22 198.196
24 203.050
2 196.898
4 203.098
6 198.196
8 198.041
10 203.504
12 203.221
14 197.096
16 203.035
18 196.644
20 196.962
22 198.181
24 196.184
2 197.687
4 213.519
6 202.116
8 202.416
10 195.208
12 203.824
14 201.709
16 202.905
18 197.363
20 196.514
22 184.873
24 200.251
2 203.675
4 201.524
6 198.726
8 198.000
10 204.184
12 198.392
14 203.828
16 203.935
18 197.712
20 203.493
22 203.683
24 203.559
2 197.588
4 197.679
6 201.788
8 204.244
10 201.199
12 196.589
14 198.778
16 188.460
18 197.766
20 202.993
22 201.295
24 201.722
2 204.026
4 197.795
6 203.340
8 201.974
10 127.116
12 189.825
14 204.768
16 199.492
18 204.161
20 203.617
22 197.372
24 202.845
