2 198.293
4 201.222
6 195.318
8 201.998
10 200.596
12 201.042
14 188.315
16 195.818
18 196.419
20 190.550
22 199.959
24 168.689
2 194.878
4 202.002
6 194.207
8 202.379
10 201.332
12 194.221
14 202.163
16 120.710
18 202.113
20 126.174
22 191.254
24 202.410
2 201.293
4 194.366
6 198.039
8 201.207
10 200.793
12 189.858
14 202.422
16 194.798
18 198.308
20 195.560
22 201.200
24 202.378
2 157.021
4 199.680
6 202.494
8 198.368
10 189.984
12 202.076
14 200.508
16 195.896
18 201.363
20 198.441
22 175.176
24 199.848
2 194.758
4 200.281
6 199.829
8 195.894
10 202.242
12 126.548
14 201.404
16 196.078
18 196.220
20 202.444
22 120.324
24 202.071
2 194.778
4 202.113
6 200.974
8 196.271
10 196.303
12 248.005
14 200.459
16 196.084
18 192.835
20 192.767
22 196.306
24 188.877
2 201.126
4 202.355
6 200.669
8 192.273
10 202.285
12 199.621
14 194.848
16 201.973
18 202.274
20 125.883
22 196.585
24 120.325
2 202.252
4 196.133
6 196.652
8 202.653
10 194.198
12 197.677
14 193.705
16 200.833
18 202.829
20 195.280
22 202.490
24 192.436
2 118.357
4 198.186
6 194.523
8 202.200
10 194.504
12 199.201
14 195.757
16 191.270
18 198.563
20 201.167
22 194.023
24 201.345
2 202.213
4 194.922
6 207.978
8 196.828
10 191.539
12 199.735
14 201.680
16 198.526
18 201.515
20 194.699
22 196.323
24 202.559
