2 194.270
4 202.025
6 202.429
8 201.364
10 186.993
12 196.008
14 190.009
16 202.779
18 199.393
20 196.960
22 196.589
24 202.958
2 205.037
4 202.571
6 202.765
8 202.441
10 202.723
12 202.293
14 279.542
16 191.031
18 201.469
20 201.213
22 195.729
24 198.985
2 199.128
4 184.116
6 195.769
8 198.767
10 193.984
12 121.095
14 201.648
16 123.913
18 200.537
20 202.116
22 201.416
24 193.786
2 201.775
4 198.128
6 199.029
8 201.535
10 196.253
12 196.629
14 199.254
16 200.902
18 189.920
20 200.091
22 191.180
24 200.152
2 202.495
4 203.387
6 194.594
8 197.179
10 202.986
12 203.522
14 128.726
16 203.101
18 196.665
20 197.077
22 196.824
24 196.597
2 196.835
4 196.683
6 197.083
8 196.861
10 197.213
12 196.890
14 200.844
16 196.365
18 198.781
20 203.117
22 201.237
24 197.024
2 203.124
4 195.103
6 202.000
8 203.406
10 126.508
12 202.024
14 202.535
16 201.609
18 203.206
20 195.041
22 198.467
24 202.172
2 200.596
4 202.265
6 195.139
8 197.795
10 201.958
12 202.806
14 203.300
16 203.267
18 194.149
20 200.237
22 202.862
24 201.322
2 200.862
4 196.779
6 196.952
8 200.823
10 197.946
12 190.917
14 199.092
16 196.680
18 196.569
20 202.086
22 201.556
24 200.570
2 180.871
4 200.672
6 196.190
8 200.543
10 192.645
12 199.662
14 203.659
16 194.527
18 204.197
20 176.841
22 199.574
24 196.227
