2 116.305
4 76.049
6 56.373
8 35.170
10 38.416
12 36.166
14 38.628
16 38.024
18 38.043
20 38.002
22 40.091
24 39.405
2 60.993
4 73.578
6 48.070
8 35.909
10 42.052
12 36.702
14 40.603
16 37.172
18 37.738
20 37.820
22 38.167
24 38.228
2 57.526
4 71.053
6 43.409
8 34.053
10 40.172
12 37.412
14 38.567
16 36.945
18 37.279
20 37.461
22 38.311
24 39.127
2 60.192
4 75.273
6 50.713
8 36.694
10 40.481
12 36.044
14 38.432
16 37.024
18 36.620
20 36.456
22 37.829
24 37.926
2 61.003
4 79.188
6 61.633
8 40.054
10 44.225
12 38.319
14 38.186
16 36.630
18 35.554
20 37.576
22 38.509
24 38.708
2 60.181
4 67.977
6 48.207
8 34.107
10 40.133
12 36.731
14 38.294
16 38.625
18 36.785
20 36.828
22 38.576
24 37.468
2 58.854
4 104.468
6 67.521
8 39.084
10 43.811
12 36.895
14 39.825
16 37.639
18 36.852
20 37.617
22 38.357
24 37.330
2 60.200
4 79.339
6 57.643
8 31.804
10 37.379
12 36.943
14 40.986
16 37.027
18 36.258
20 46.926
22 44.323
24 37.541
2 60.200
4 71.765
6 56.666
8 30.547
10 40.695
12 37.006
14 38.337
16 37.762
18 36.604
20 37.168
22 38.560
24 38.425
2 60.243
4 48.482
6 36.401
8 27.180
10 37.937
12 35.615
14 37.657
16 36.123
18 36.793
20 36.312
22 38.157
24 36.806
