2 146.327
4 186.099
6 175.934
8 182.366
10 123.419
12 123.427
14 122.511
16 121.972
18 122.691
20 122.004
22 121.876
24 122.379
2 111.419
4 188.659
6 173.513
8 187.485
10 122.807
12 123.151
14 122.197
16 122.108
18 122.858
20 121.974
22 120.977
24 120.717
2 110.620
4 186.027
6 187.938
8 170.528
10 123.151
12 124.673
14 123.699
16 122.808
18 121.731
20 121.511
22 122.350
24 122.248
2 113.466
4 170.878
6 155.219
8 158.722
10 120.100
12 120.467
14 120.614
16 123.831
18 128.906
20 120.384
22 120.290
24 120.519
2 113.016
4 140.465
6 167.622
8 166.790
10 120.524
12 120.598
14 120.099
16 119.961
18 119.884
20 120.270
22 121.375
24 120.565
2 110.006
4 195.802
6 158.226
8 151.175
10 120.363
12 121.327
14 120.632
16 120.868
18 120.814
20 120.317
22 120.129
24 120.509
2 111.073
4 178.936
6 166.872
8 176.040
10 121.242
12 121.787
14 122.237
16 121.409
18 121.720
20 121.025
22 120.645
24 120.555
2 110.881
4 201.345
6 161.040
8 187.207
10 119.991
12 121.017
14 121.518
16 121.938
18 120.544
20 120.831
22 121.581
24 121.446
2 110.617
4 168.553
6 153.167
8 166.114
10 120.223
12 120.193
14 120.459
16 120.518
18 120.094
20 119.987
22 120.956
24 120.400
2 110.697
4 194.236
6 188.908
8 168.890
10 121.970
12 125.116
14 122.574
16 121.365
18 121.124
20 120.867
22 121.429
24 122.064
