2 118.403
4 181.770
6 166.684
8 255.717
10 124.873
12 124.796
14 123.324
16 133.302
18 126.791
20 123.173
22 123.278
24 123.505
2 114.812
4 215.280
6 168.473
8 159.413
10 123.874
12 124.869
14 124.978
16 125.886
18 132.651
20 124.045
22 123.703
24 123.836
2 113.058
4 198.289
6 185.501
8 165.927
10 126.590
12 126.120
14 126.503
16 130.147
18 125.024
20 125.036
22 126.211
24 124.359
2 114.866
4 147.382
6 167.365
8 174.540
10 126.097
12 124.804
14 125.568
16 130.843
18 124.785
20 124.188
22 123.530
24 123.408
2 114.064
4 177.552
6 158.911
8 172.246
10 123.856
12 124.196
14 123.568
16 132.195
18 130.856
20 124.311
22 123.934
24 124.223
2 117.312
4 195.870
6 163.576
8 159.411
10 126.001
12 123.844
14 123.140
16 132.895
18 129.447
20 125.033
22 123.457
24 123.756
2 112.984
4 161.530
6 163.250
8 168.651
10 124.288
12 128.244
14 123.535
16 123.402
18 124.984
20 124.145
22 123.248
24 124.605
2 113.762
4 200.730
6 164.996
8 161.503
10 130.960
12 129.220
14 131.994
16 138.098
18 125.438
20 125.042
22 125.027
24 124.964
2 116.130
4 171.514
6 163.198
8 169.128
10 124.273
12 124.485
14 126.158
16 124.436
18 126.109
20 123.863
22 123.711
24 123.939
2 113.108
4 149.048
6 163.331
8 165.419
10 128.614
12 140.212
14 123.634
16 126.966
18 123.212
20 127.001
22 125.661
24 123.597
