2 1090.670
4 661.671
6 651.766
8 664.123
10 647.287
12 649.835
14 699.357
16 730.494
18 748.553
20 785.265
22 765.287
24 786.603
2 1092.587
4 658.444
6 652.552
8 654.324
10 652.033
12 680.417
14 699.782
16 777.565
18 771.093
20 774.277
22 775.130
24 816.712
2 1094.315
4 609.130
6 663.876
8 656.150
10 649.592
12 674.590
14 704.712
16 751.929
18 764.765
20 782.385
22 760.243
24 818.571
2 1092.888
4 652.856
6 648.104
8 649.548
10 653.403
12 650.905
14 691.515
16 733.206
18 760.454
20 764.442
22 770.013
24 787.674
2 1089.645
4 666.790
6 649.112
8 650.424
10 648.153
12 675.850
14 714.149
16 732.150
18 766.038
20 770.446
22 773.769
24 803.035
2 1089.735
4 661.059
6 667.750
8 659.227
10 625.366
12 643.600
14 693.588
16 727.096
18 796.187
20 773.565
22 793.751
24 1009.010
2 1089.081
4 657.931
6 648.924
8 650.799
10 651.982
12 651.934
14 767.241
16 721.647
18 756.385
20 749.610
22 776.154
24 788.888
2 1090.176
4 656.615
6 662.555
8 649.864
10 652.237
12 645.054
14 709.622
16 758.000
18 762.169
20 736.485
22 768.877
24 801.264
2 1096.437
4 650.654
6 632.934
8 651.530
10 654.279
12 653.376
14 699.755
16 747.629
18 802.971
20 770.931
22 847.872
24 899.294
2 1092.658
4 651.288
6 659.060
8 648.727
10 593.607
12 651.081
14 710.824
16 731.709
18 838.338
20 772.561
22 808.918
24 953.006
