2 124.951
4 124.690
6 124.771
8 124.077
10 124.723
12 124.543
14 124.554
16 124.533
18 124.767
20 124.138
22 124.771
24 124.524
2 124.521
4 124.849
6 124.553
8 124.934
10 124.556
12 124.858
14 124.629
16 124.594
18 124.563
20 124.026
22 124.330
24 124.657
2 124.593
4 124.725
6 124.786
8 124.607
10 124.286
12 124.457
14 124.455
16 124.639
18 124.592
20 124.563
22 124.778
24 124.198
2 124.558
4 124.463
6 124.638
8 124.540
10 124.543
12 124.666
14 124.662
16 124.711
18 124.720
20 124.642
22 124.598
24 124.938
2 124.648
4 124.694
6 124.566
8 124.746
10 124.711
12 124.575
14 124.487
16 124.834
18 124.573
20 124.580
22 124.609
24 124.477
2 124.585
4 124.691
6 124.583
8 124.798
10 124.329
12 124.687
14 124.756
16 124.816
18 124.777
20 124.467
22 124.529
24 124.281
2 124.705
4 124.601
6 124.798
8 124.606
10 124.437
12 124.598
14 124.714
16 124.947
18 124.788
20 124.456
22 124.936
24 124.746
2 124.296
4 124.746
6 124.582
8 124.325
10 125.012
12 124.233
14 124.280
16 124.270
18 124.709
20 124.702
22 124.848
24 124.820
2 124.870
4 124.666
6 124.289
8 124.700
10 124.550
12 124.685
14 124.953
16 125.032
18 124.664
20 124.753
22 124.588
24 124.600
2 124.377
4 124.463
6 124.499
8 124.435
10 124.941
12 124.806
14 124.663
16 124.562
18 124.570
20 124.509
22 124.668
24 124.536
