2 35.311
4 35.412
6 35.276
8 35.312
10 35.338
12 35.299
14 35.364
16 35.430
18 35.333
20 35.274
22 35.308
24 35.321
2 35.344
4 35.295
6 35.303
8 35.360
10 35.410
12 35.353
14 35.322
16 35.323
18 35.340
20 35.313
22 35.359
24 35.297
2 35.296
4 35.293
6 35.314
8 35.428
10 35.382
12 35.353
14 35.332
16 35.359
18 35.319
20 35.375
22 35.286
24 35.363
2 35.306
4 35.394
6 35.347
8 35.350
10 35.308
12 35.306
14 35.296
16 35.273
18 35.241
20 35.318
22 35.310
24 35.327
2 35.451
4 35.305
6 35.383
8 35.294
10 35.322
12 35.357
14 35.294
16 35.324
18 35.345
20 35.283
22 35.311
24 35.315
2 35.347
4 35.306
6 35.016
8 35.309
10 35.353
12 35.316
14 35.345
16 35.320
18 35.372
20 35.331
22 35.364
24 35.425
2 35.275
4 35.330
6 35.313
8 35.287
10 35.366
12 35.328
14 35.329
16 35.369
18 35.339
20 35.329
22 35.277
24 35.389
2 35.313
4 35.306
6 35.329
8 35.268
10 35.303
12 35.292
14 35.293
16 35.285
18 35.276
20 35.339
22 35.378
24 35.267
2 35.340
4 35.294
6 35.266
8 35.325
10 35.289
12 35.399
14 35.336
16 35.398
18 35.303
20 35.341
22 35.426
24 35.313
2 35.276
4 35.344
6 35.328
8 35.345
10 34.884
12 35.270
14 35.321
16 35.329
18 35.329
20 35.349
22 35.362
24 35.368
