2 8867.897
4 8893.880
6 8843.380
8 8846.743
10 8886.090
12 8874.595
14 8873.455
16 8866.395
18 8852.166
20 8854.911
22 8842.309
24 8875.511
2 8872.845
4 8930.857
6 8857.096
8 8851.038
10 8854.734
12 8856.456
14 8851.821
16 8866.763
18 8843.741
20 8876.295
22 8922.130
24 8877.463
2 8859.313
4 8851.445
6 8870.489
8 8853.053
10 8919.050
12 8857.734
14 8876.701
16 8873.249
18 8872.801
20 8861.463
22 8876.420
24 8868.374
2 8879.583
4 8865.503
6 8862.492
8 8897.344
10 8879.032
12 8871.935
14 8852.397
16 8876.230
18 8868.229
20 8876.585
22 8855.090
24 8843.193
2 8871.702
4 8878.819
6 8847.930
8 8851.549
10 8875.944
12 8896.593
14 8894.999
16 8880.317
18 8856.699
20 8879.736
22 8885.767
24 8855.140
2 8844.166
4 8864.111
6 8844.112
8 8850.073
10 8855.382
12 8906.733
14 8905.174
16 8998.051
18 8866.950
20 8859.858
22 8892.819
24 8873.053
2 8873.321
4 8863.582
6 8842.615
8 8859.205
10 8864.993
12 8868.684
14 8867.087
16 8865.628
18 8863.630
20 8863.969
22 8859.573
24 8852.210
2 8900.292
4 8864.454
6 8856.102
8 8854.967
10 9153.760
12 8845.942
14 8871.635
16 8860.489
18 8843.538
20 8887.801
22 8861.768
24 8859.487
2 8873.436
4 8871.166
6 8860.885
8 8853.292
10 8912.341
12 8874.638
14 8866.172
16 8955.048
18 8863.225
20 8874.123
22 8868.484
24 8844.526
2 8860.385
4 8885.824
6 8850.349
8 8856.720
10 8861.377
12 8873.814
14 8865.171
16 8897.464
18 8891.664
20 8853.212
22 8848.556
24 8843.145
