2 2617.039
4 2617.165
6 2617.315
8 2617.206
10 2617.190
12 2617.055
14 2617.116
16 2616.985
18 2617.134
20 2617.384
22 2617.033
24 2617.298
2 2617.171
4 2616.995
6 2617.068
8 2617.183
10 2617.085
12 2617.110
14 2617.151
16 2617.089
18 2617.178
20 2617.089
22 2617.057
24 2617.258
2 2617.178
4 2617.018
6 2617.323
8 2617.108
10 2617.028
12 2617.178
14 2617.015
16 2617.277
18 2617.266
20 2617.081
22 2617.253
24 2617.239
2 2617.089
4 2616.994
6 2617.035
8 2617.126
10 2617.048
12 2617.082
14 2616.996
16 2616.982
18 2617.134
20 2617.227
22 2617.070
24 2617.094
2 2616.746
4 2616.979
6 2617.123
8 2617.208
10 2617.166
12 2617.108
14 2617.144
16 2617.146
18 2617.012
20 2617.040
22 2617.104
24 2617.060
2 2617.154
4 2617.151
6 2617.093
8 2617.302
10 2617.418
12 2617.286
14 2616.875
16 2616.962
18 2617.169
20 2616.961
22 2617.164
24 2617.077
2 2617.213
4 2617.127
6 2617.262
8 2617.174
10 2616.906
12 2616.956
14 2617.368
16 2617.142
18 2617.114
20 2617.152
22 2617.180
24 2617.247
2 2617.045
4 2617.016
6 2617.230
8 2617.090
10 2617.109
12 2617.140
14 2617.214
16 2617.064
18 2617.111
20 2617.256
22 2617.338
24 2617.081
2 2617.065
4 2617.106
6 2617.114
8 2617.247
10 2617.000
12 2617.346
14 2617.094
16 2617.132
18 2617.180
20 2617.219
22 2617.249
24 2617.181
2 2617.008
4 2617.360
6 2617.024
8 2617.077
10 2617.169
12 2617.202
14 2616.999
16 2617.042
18 2616.951
20 2617.116
22 2616.981
24 2617.134
