2 1232.177
4 644.115
6 653.953
8 647.785
10 625.770
12 709.723
14 727.822
16 769.711
18 797.653
20 830.320
22 845.598
24 924.394
2 1203.387
4 642.661
6 643.098
8 623.889
10 628.213
12 621.309
14 716.760
16 778.690
18 808.924
20 830.119
22 851.586
24 879.545
2 1207.828
4 641.137
6 643.015
8 624.303
10 622.524
12 622.852
14 730.523
16 768.356
18 803.733
20 821.444
22 848.650
24 877.574
2 1198.607
4 662.238
6 641.533
8 623.955
10 646.269
12 620.548
14 731.113
16 775.721
18 804.613
20 837.610
22 847.676
24 868.760
2 1205.514
4 638.304
6 643.965
8 629.921
10 622.312
12 667.767
14 721.976
16 778.810
18 808.157
20 817.615
22 848.853
24 877.918
2 1211.412
4 626.902
6 624.449
8 622.646
10 622.102
12 666.675
14 726.249
16 784.286
18 803.260
20 830.176
22 838.650
24 997.883
2 1217.798
4 622.222
6 624.647
8 621.654
10 623.287
12 624.411
14 732.436
16 770.822
18 814.916
20 828.496
22 846.805
24 884.291
2 1208.002
4 641.093
6 644.094
8 631.860
10 621.597
12 623.995
14 727.946
16 779.624
18 814.996
20 832.537
22 855.077
24 873.639
2 1206.404
4 655.588
6 641.784
8 623.425
10 627.624
12 620.557
14 725.916
16 772.262
18 810.961
20 842.896
22 849.587
24 914.023
2 1202.179
4 639.453
6 640.292
8 632.010
10 625.051
12 620.453
14 729.272
16 774.709
18 802.027
20 824.902
22 859.230
24 872.781
