2 1118.280
4 680.454
6 666.905
8 664.061
10 663.927
12 696.437
14 744.991
16 778.154
18 790.876
20 862.785
22 804.835
24 865.432
2 1107.777
4 674.252
6 671.682
8 669.614
10 669.511
12 667.342
14 731.904
16 770.107
18 792.049
20 827.924
22 811.130
24 824.497
2 1107.642
4 666.900
6 682.022
8 668.238
10 669.372
12 662.421
14 701.730
16 784.886
18 788.473
20 804.170
22 878.022
24 835.689
2 1106.979
4 607.196
6 682.656
8 667.382
10 667.135
12 662.560
14 732.807
16 760.561
18 792.435
20 809.213
22 821.029
24 866.990
2 1107.064
4 671.499
6 676.776
8 671.825
10 657.094
12 660.366
14 709.005
16 725.373
18 767.913
20 847.215
22 854.054
24 915.681
2 1110.077
4 676.425
6 679.030
8 661.134
10 666.166
12 668.114
14 728.449
16 784.226
18 768.539
20 814.069
22 824.224
24 846.873
2 1110.371
4 682.032
6 661.684
8 671.037
10 669.925
12 670.102
14 725.085
16 788.123
18 752.168
20 794.025
22 808.137
24 834.943
2 1107.412
4 683.993
6 673.279
8 667.933
10 663.959
12 686.608
14 708.170
16 729.173
18 820.876
20 765.683
22 817.473
24 826.892
2 1107.611
4 622.690
6 692.672
8 656.649
10 665.950
12 678.109
14 713.548
16 755.031
18 774.344
20 813.041
22 789.069
24 840.208
2 1106.938
4 676.805
6 677.070
8 671.033
10 660.191
12 657.229
14 738.995
16 775.248
18 787.642
20 806.547
22 813.862
24 1312.588
