2 3670.667
4 3669.012
6 3667.291
8 3670.543
10 3667.452
12 3667.973
14 3665.611
16 3672.424
18 3663.348
20 3659.949
22 3667.395
24 3667.370
2 3667.252
4 3675.007
6 3664.089
8 3673.171
10 3666.691
12 3778.864
14 3775.956
16 3780.994
18 3782.120
20 3779.977
22 3785.699
24 3778.710
2 3775.317
4 3775.603
6 3781.718
8 3774.019
10 3780.467
12 3783.008
14 3774.651
16 3778.350
18 3774.128
20 3779.128
22 3777.312
24 3693.374
2 3642.130
4 3646.418
6 3638.278
8 3643.130
10 3655.078
12 3661.292
14 3647.006
16 3650.866
18 3655.758
20 3639.323
22 3646.419
24 3632.441
2 3639.545
4 3632.742
6 3647.816
8 3644.130
10 3645.310
12 3639.363
14 3633.055
16 3748.773
18 3777.611
20 3778.475
22 3783.922
24 3779.944
2 3780.305
4 3776.678
6 3778.829
8 3779.381
10 3785.040
12 3778.252
14 3779.273
16 3777.726
18 3784.304
20 3780.637
22 3784.558
24 3781.594
2 3782.157
4 3775.883
6 3777.633
8 3786.235
10 3786.524
12 3776.983
14 3773.769
16 3780.272
18 3782.397
20 3788.800
22 3777.593
24 3779.594
2 3770.662
4 3779.903
6 3774.691
8 3780.893
10 3780.129
12 3778.729
14 3780.103
16 3776.399
18 3776.365
20 3783.829
22 3783.482
24 3781.525
2 3778.650
4 3784.731
6 3779.691
8 3781.191
10 3779.342
12 3776.487
14 3777.983
16 3779.835
18 3776.844
20 3774.936
22 3777.215
24 3780.942
2 3781.187
4 3776.641
6 3776.803
8 3780.507
10 3782.743
12 3777.777
14 3776.377
16 3780.629
18 3782.954
20 3779.392
22 3783.830
24 3792.490
