2 1223.768
4 670.386
6 661.663
8 642.355
10 646.348
12 667.586
14 746.263
16 799.316
18 829.315
20 845.708
22 877.453
24 1105.441
2 1236.057
4 661.789
6 662.084
8 641.281
10 645.451
12 640.414
14 761.915
16 799.020
18 829.393
20 852.814
22 873.263
24 894.929
2 1239.243
4 660.271
6 661.910
8 653.531
10 641.375
12 677.038
14 746.573
16 808.958
18 818.596
20 846.848
22 867.776
24 908.568
2 1243.259
4 650.678
6 653.564
8 643.042
10 643.242
12 645.491
14 741.786
16 796.361
18 834.492
20 858.198
22 871.469
24 902.489
2 1221.147
4 656.121
6 653.000
8 643.132
10 644.625
12 642.390
14 779.660
16 799.310
18 826.753
20 858.019
22 879.405
24 900.793
2 1234.322
4 659.534
6 663.990
8 640.796
10 646.121
12 693.083
14 750.460
16 800.361
18 828.513
20 872.033
22 873.457
24 897.525
2 1223.337
4 644.155
6 665.301
8 642.185
10 642.779
12 641.242
14 744.224
16 803.792
18 824.458
20 857.242
22 878.634
24 902.630
2 1233.106
4 650.824
6 664.231
8 644.971
10 657.083
12 661.116
14 744.191
16 835.247
18 827.504
20 848.423
22 865.469
24 1114.419
2 1229.023
4 666.848
6 658.687
8 643.593
10 642.910
12 641.993
14 758.209
16 801.105
18 830.043
20 849.680
22 873.176
24 897.223
2 1238.622
4 696.106
6 642.455
8 641.302
10 648.709
12 679.059
14 740.936
16 808.297
18 830.173
20 850.921
22 867.810
24 901.367
