2 4756.846
4 2433.408
6 1825.162
8 1255.273
10 1229.481
12 1213.705
14 1192.014
16 1042.591
18 1048.449
20 1071.323
22 1049.129
24 1057.622
2 4757.666
4 2412.886
6 1799.703
8 1251.009
10 1232.085
12 1212.344
14 1190.847
16 1042.155
18 1047.000
20 1045.999
22 1050.000
24 1057.171
2 4753.138
4 2433.615
6 1800.679
8 1250.049
10 1232.746
12 1213.154
14 1193.205
16 1043.955
18 1044.495
20 1050.602
22 1048.831
24 1054.415
2 4756.000
4 2434.719
6 1818.321
8 1260.401
10 1230.257
12 1215.191
14 1193.196
16 1041.586
18 1048.228
20 1045.170
22 1051.928
24 1274.941
2 4761.278
4 2419.191
6 1808.629
8 1264.818
10 1231.814
12 1211.515
14 1194.204
16 1046.714
18 1043.923
20 1046.886
22 1051.198
24 1053.972
2 4765.181
4 2435.653
6 1827.653
8 1255.101
10 1245.473
12 1212.569
14 1195.236
16 1043.034
18 1054.925
20 1044.623
22 1047.285
24 1102.515
2 4755.378
4 2430.700
6 1804.906
8 1253.350
10 1231.570
12 1212.709
14 1192.339
16 1045.413
18 1043.920
20 1045.360
22 1049.670
24 1059.001
2 4750.066
4 2442.128
6 1802.011
8 1255.692
10 1228.812
12 1213.456
14 1191.432
16 1078.959
18 1044.867
20 1045.538
22 1048.603
24 1055.304
2 4757.297
4 2438.607
6 1820.301
8 1267.314
10 1244.262
12 1213.201
14 1190.455
16 1041.725
18 1074.602
20 1045.326
22 1046.830
24 1055.346
2 4757.207
4 2432.949
6 1812.164
8 1250.792
10 1232.446
12 1213.125
14 1193.405
16 1041.756
18 1047.965
20 1046.746
22 1049.467
24 1059.294
