2 440.790
4 441.109
6 440.691
8 444.077
10 441.129
12 443.314
14 440.548
16 441.586
18 442.795
20 443.470
22 442.400
24 440.673
2 446.798
4 443.370
6 440.486
8 442.263
10 440.771
12 440.966
14 440.730
16 440.561
18 440.494
20 444.037
22 443.008
24 445.232
2 440.659
4 444.286
6 440.764
8 440.745
10 441.582
12 440.914
14 440.582
16 441.552
18 440.776
20 444.329
22 440.647
24 443.646
2 440.624
4 440.532
6 441.602
8 441.085
10 441.046
12 440.413
14 443.467
16 440.645
18 440.664
20 444.013
22 440.520
24 440.566
2 440.654
4 440.582
6 443.491
8 441.251
10 440.680
12 440.880
14 440.754
16 440.805
18 441.880
20 440.539
22 440.649
24 440.695
2 441.282
4 441.916
6 443.919
8 440.686
10 440.837
12 441.105
14 444.221
16 441.254
18 442.723
20 440.801
22 440.998
24 440.714
2 444.237
4 443.189
6 442.360
8 440.532
10 441.007
12 442.723
14 440.758
16 442.980
18 440.632
20 444.787
22 444.099
24 440.554
2 442.632
4 440.740
6 440.705
8 440.427
10 440.866
12 441.002
14 441.934
16 440.577
18 443.245
20 442.115
22 440.705
24 440.458
2 440.596
4 440.699
6 443.509
8 440.785
10 440.827
12 440.906
14 442.700
16 440.851
18 440.522
20 441.118
22 442.801
24 442.094
2 443.309
4 440.873
6 440.750
8 440.831
10 440.682
12 440.473
14 445.375
16 442.886
18 443.400
20 446.042
22 443.554
24 440.630
