2 4378.053
4 2201.183
6 1724.773
8 1164.371
10 1155.092
12 1300.264
14 1399.649
16 982.439
18 985.857
20 984.221
22 992.542
24 1208.752
2 4383.551
4 2220.431
6 1710.391
8 1160.895
10 1158.621
12 1228.379
14 1357.959
16 984.528
18 981.489
20 988.762
22 987.853
24 984.626
2 4377.178
4 2222.723
6 1702.775
8 1159.022
10 1157.790
12 1155.247
14 1351.978
16 985.540
18 1002.430
20 982.390
22 993.518
24 1211.996
2 4380.106
4 2202.755
6 1712.384
8 1170.591
10 1165.462
12 1159.685
14 1315.483
16 981.450
18 1001.268
20 987.382
22 985.410
24 995.595
2 4383.091
4 2203.583
6 1698.537
8 1168.977
10 1154.980
12 1154.695
14 1364.262
16 985.746
18 985.718
20 984.004
22 983.715
24 1199.145
2 4381.929
4 2208.021
6 1728.453
8 1158.712
10 1170.987
12 1178.177
14 1292.165
16 981.778
18 984.770
20 983.312
22 984.812
24 991.671
2 4382.805
4 2227.055
6 1727.041
8 1177.260
10 1171.528
12 1158.289
14 1398.925
16 983.988
18 986.385
20 985.130
22 983.449
24 1236.495
2 4420.388
4 2227.326
6 1727.705
8 1182.016
10 1155.513
12 1157.776
14 1380.159
16 979.660
18 1003.713
20 988.062
22 987.681
24 988.408
2 4377.750
4 2231.511
6 1700.355
8 1156.416
10 1158.531
12 1154.119
14 1410.995
16 984.730
18 990.110
20 987.489
22 979.819
24 993.404
2 4387.313
4 2249.381
6 1717.730
8 1154.919
10 1155.308
12 1245.517
14 1345.978
16 981.915
18 985.573
20 982.963
22 1018.122
24 991.003
