2 405.429
4 405.043
6 405.367
8 404.993
10 404.895
12 404.937
14 404.521
16 405.757
18 405.264
20 405.215
22 405.492
24 404.974
2 405.613
4 405.144
6 405.791
8 405.111
10 405.483
12 405.529
14 405.508
16 404.999
18 405.370
20 405.403
22 405.470
24 405.005
2 405.221
4 404.878
6 405.114
8 405.234
10 404.685
12 405.658
14 405.630
16 405.584
18 405.372
20 405.204
22 405.585
24 404.993
2 405.084
4 405.032
6 405.403
8 405.391
10 405.360
12 405.338
14 405.059
16 404.879
18 405.593
20 405.259
22 404.886
24 405.178
2 405.362
4 405.314
6 405.120
8 404.975
10 404.855
12 405.642
14 404.970
16 405.161
18 405.602
20 404.736
22 405.042
24 405.118
2 405.082
4 405.345
6 404.989
8 405.101
10 405.462
12 405.181
14 404.722
16 405.500
18 405.627
20 405.623
22 405.269
24 406.337
2 405.431
4 405.040
6 404.410
8 405.359
10 405.234
12 404.764
14 404.936
16 405.344
18 405.251
20 404.606
22 405.162
24 405.006
2 405.205
4 405.292
6 405.548
8 405.704
10 405.695
12 405.136
14 405.349
16 404.790
18 406.237
20 404.563
22 405.354
24 405.163
2 406.030
4 405.083
6 405.472
8 405.172
10 405.180
12 405.397
14 405.602
16 404.778
18 406.064
20 405.580
22 405.277
24 405.470
2 405.574
4 405.561
6 405.886
8 405.402
10 405.565
12 405.194
14 405.310
16 404.708
18 405.820
20 405.493
22 405.131
24 405.352
