2 2788.880
4 2636.559
6 2211.527
8 2284.345
10 2214.035
12 2230.426
14 2329.379
16 2358.193
18 2528.635
20 2560.836
22 2705.837
24 2656.506
2 2757.494
4 2566.427
6 2230.027
8 2214.092
10 2336.856
12 2218.099
14 2343.687
16 2544.265
18 2538.943
20 2627.474
22 2734.988
24 2810.544
2 2756.660
4 2338.863
6 2242.749
8 2227.516
10 2212.245
12 2252.772
14 2433.679
16 2492.710
18 2528.674
20 2700.384
22 2724.798
24 2887.909
2 2650.791
4 2232.688
6 2211.662
8 2229.350
10 2343.807
12 2404.539
14 2455.745
16 2479.623
18 2692.977
20 2729.266
22 2781.643
24 2790.740
2 2323.563
4 2252.034
6 2283.533
8 2214.899
10 2241.665
12 2349.639
14 2437.282
16 2663.466
18 2659.295
20 2685.349
22 2761.612
24 2678.607
2 2214.601
4 2215.849
6 2215.717
8 2262.680
10 2357.416
12 2416.315
14 2541.030
16 2602.044
18 2606.330
20 2778.733
22 2755.940
24 2459.287
2 2211.168
4 2249.809
6 2211.959
8 2313.733
10 2393.351
12 2442.469
14 2503.065
16 2696.856
18 2694.305
20 2771.689
22 2714.289
24 2258.552
2 2213.489
4 2227.626
6 2214.495
8 2272.149
10 2397.566
12 2522.508
14 2597.244
16 2722.758
18 2734.773
20 2804.239
22 2502.876
24 2217.670
2 2230.225
4 2248.641
6 2256.067
8 2339.325
10 2414.878
12 2523.775
14 2615.809
16 2755.845
18 2762.577
20 2775.024
22 2359.466
24 2220.044
2 2223.323
4 2221.331
6 2218.861
8 2243.466
10 2434.574
12 2425.599
14 2464.156
16 2610.416
18 2748.466
20 2774.282
22 2790.863
24 2268.064
