2 1130.661
4 584.759
6 403.213
8 286.152
10 230.917
12 244.887
14 281.397
16 248.505
18 222.552
20 208.461
22 185.484
24 176.762
2 1103.840
4 575.206
6 402.932
8 291.485
10 232.638
12 202.784
14 280.725
16 248.914
18 233.356
20 201.708
22 185.528
24 207.845
2 1115.183
4 588.037
6 410.751
8 288.630
10 232.024
12 315.568
14 281.591
16 251.932
18 223.332
20 201.689
22 185.774
24 174.819
2 1104.713
4 575.713
6 403.737
8 286.470
10 230.673
12 208.684
14 281.499
16 249.171
18 224.109
20 203.741
22 189.105
24 292.182
2 1130.944
4 559.077
6 401.509
8 291.734
10 256.593
12 316.876
14 282.203
16 248.599
18 223.195
20 201.917
22 186.313
24 189.269
2 1106.987
4 593.020
6 375.229
8 287.175
10 230.852
12 195.424
14 281.809
16 261.751
18 222.641
20 202.047
22 185.555
24 179.946
2 1106.200
4 580.994
6 379.880
8 288.245
10 232.061
12 195.532
14 281.553
16 249.117
18 222.863
20 201.869
22 189.954
24 172.431
2 1103.675
4 585.405
6 393.903
8 287.655
10 231.669
12 299.091
14 281.638
16 248.843
18 223.151
20 203.426
22 185.726
24 403.195
2 1103.313
4 585.281
6 386.544
8 291.959
10 231.932
12 195.248
14 280.605
16 248.895
18 223.141
20 202.268
22 185.475
24 180.908
2 1105.767
4 584.736
6 402.143
8 292.195
10 241.197
12 197.044
14 282.091
16 248.468
18 223.493
20 201.954
22 185.479
24 174.287
