2 4472.163
4 2266.965
6 1768.702
8 1238.469
10 1194.402
12 1231.941
14 1386.975
16 1010.121
18 1015.682
20 1011.811
22 1017.789
24 1019.796
2 4470.567
4 2284.999
6 1784.406
8 1202.090
10 1207.114
12 1196.186
14 1421.055
16 1022.584
18 1016.991
20 1016.665
22 1019.127
24 1016.970
2 4472.026
4 2299.596
6 1752.541
8 1205.742
10 1199.218
12 1210.667
14 1341.092
16 1011.059
18 1017.905
20 1018.899
22 1026.434
24 1017.100
2 4471.782
4 2296.137
6 1758.649
8 1207.137
10 1196.065
12 1197.413
14 1391.534
16 1011.972
18 1014.011
20 1016.266
22 1012.986
24 1154.212
2 4476.606
4 2262.171
6 1759.428
8 1196.071
10 1194.300
12 1202.662
14 1374.107
16 1012.276
18 1013.065
20 1016.102
22 1019.434
24 1020.784
2 4477.631
4 2262.642
6 1774.494
8 1220.412
10 1195.302
12 1243.851
14 1401.860
16 1015.163
18 1011.779
20 1015.071
22 1024.703
24 1024.474
2 4482.258
4 2264.199
6 1764.261
8 1193.789
10 1242.603
12 1260.307
14 1430.410
16 1010.737
18 1017.488
20 1017.324
22 1016.045
24 1230.862
2 4476.920
4 2292.454
6 1778.343
8 1235.978
10 1212.129
12 1200.896
14 1394.635
16 1013.432
18 1015.852
20 1021.363
22 1019.072
24 1016.855
2 4476.721
4 2276.902
6 1772.014
8 1193.862
10 1194.212
12 1222.280
14 1407.980
16 1010.272
18 1015.136
20 1015.935
22 1021.297
24 1021.952
2 4472.324
4 2272.615
6 1756.263
8 1188.275
10 1224.453
12 1194.054
14 1375.803
16 1015.626
18 1016.629
20 1015.039
22 1021.851
24 1019.971
