2 4441.333
4 2268.319
6 1495.117
8 1124.508
10 914.100
12 760.661
14 1106.604
16 972.622
18 867.747
20 782.852
22 713.105
24 663.229
2 4416.001
4 2255.792
6 1497.028
8 1140.540
10 908.411
12 771.775
14 1114.031
16 971.777
18 866.687
20 786.123
22 712.074
24 657.704
2 4423.273
4 2231.476
6 1520.507
8 1125.304
10 903.661
12 754.430
14 1105.915
16 990.770
18 866.752
20 782.305
22 715.596
24 668.675
2 4417.997
4 2278.912
6 1522.876
8 1122.893
10 903.456
12 756.289
14 1109.045
16 972.094
18 866.641
20 782.272
22 712.372
24 665.148
2 4418.814
4 2236.767
6 1521.837
8 1149.926
10 903.652
12 758.770
14 1118.392
16 971.244
18 867.011
20 782.311
22 716.356
24 658.761
2 4417.628
4 2258.444
6 1492.350
8 1127.618
10 901.139
12 755.862
14 1105.413
16 972.578
18 866.678
20 789.488
22 713.356
24 657.989
2 4418.231
4 2226.371
6 1517.049
8 1123.593
10 901.787
12 806.542
14 1107.431
16 975.241
18 867.266
20 782.675
22 718.036
24 817.038
2 4434.791
4 2250.155
6 1514.403
8 1133.239
10 925.313
12 863.077
14 1138.035
16 972.334
18 893.847
20 782.553
22 716.778
24 730.236
2 4415.098
4 2247.796
6 1491.101
8 1125.014
10 907.365
12 754.053
14 1106.844
16 972.459
18 866.482
20 782.260
22 716.968
24 664.387
2 4422.140
4 2226.283
6 1495.514
8 1154.832
10 901.486
12 941.887
14 1105.579
16 973.142
18 870.222
20 788.340
22 714.565
24 662.668
