2 32.390
4 32.209
6 32.205
8 32.062
10 32.170
12 32.079
14 32.376
16 32.214
18 32.214
20 32.178
22 32.323
24 32.172
2 32.211
4 32.204
6 32.204
8 32.222
10 32.210
12 32.208
14 32.405
16 32.118
18 32.380
20 32.278
22 32.084
24 32.347
2 32.189
4 32.054
6 32.219
8 32.193
10 32.197
12 32.379
14 32.405
16 32.390
18 32.197
20 32.229
22 32.252
24 32.220
2 32.208
4 32.187
6 32.138
8 32.370
10 32.221
12 32.388
14 32.275
16 32.200
18 32.269
20 32.220
22 32.191
24 32.035
2 32.207
4 32.213
6 32.170
8 32.408
10 32.252
12 32.346
14 32.377
16 32.181
18 32.201
20 32.363
22 32.261
24 32.384
2 32.110
4 32.208
6 32.211
8 32.254
10 32.195
12 32.186
14 32.150
16 32.219
18 32.193
20 32.380
22 32.222
24 32.186
2 32.237
4 32.182
6 32.372
8 32.225
10 32.448
12 32.214
14 32.391
16 32.388
18 32.370
20 32.218
22 32.300
24 32.211
2 32.191
4 32.015
6 32.382
8 32.182
10 32.374
12 32.497
14 32.355
16 32.190
18 32.376
20 32.222
22 32.198
24 32.213
2 32.401
4 32.221
6 32.367
8 32.352
10 31.972
12 32.190
14 32.161
16 32.344
18 32.093
20 32.226
22 32.184
24 32.384
2 32.394
4 32.190
6 32.194
8 32.196
10 32.386
12 32.321
14 32.007
16 32.174
18 32.220
20 32.172
22 32.151
24 32.149
