2 468.973
4 477.776
6 461.884
8 378.524
10 471.357
12 462.341
14 480.405
16 473.099
18 478.499
20 478.455
22 477.883
24 477.599
2 478.643
4 480.049
6 479.359
8 477.839
10 479.385
12 479.687
14 378.932
16 480.312
18 469.244
20 470.661
22 479.441
24 466.379
2 474.906
4 476.686
6 470.605
8 478.148
10 399.808
12 457.263
14 479.023
16 557.284
18 474.654
20 480.004
22 467.653
24 478.691
2 479.671
4 460.528
6 479.075
8 478.490
10 474.999
12 479.886
14 468.628
16 477.603
18 477.926
20 381.149
22 474.425
24 471.334
2 479.288
4 462.861
6 478.438
8 464.737
10 472.751
12 479.262
14 472.959
16 479.959
18 472.713
20 371.951
22 462.291
24 470.773
2 459.227
4 476.519
6 461.139
8 399.741
10 477.847
12 470.787
14 479.626
16 477.058
18 469.587
20 478.100
22 380.458
24 459.348
2 465.694
4 461.274
6 479.130
8 478.175
10 459.152
12 478.445
14 462.158
16 473.604
18 477.384
20 475.938
22 468.855
24 479.446
2 480.078
4 377.878
6 480.688
8 478.859
10 478.703
12 479.732
14 478.756
16 462.063
18 477.937
20 449.648
22 478.235
24 386.381
2 478.132
4 419.471
6 478.226
8 473.326
10 462.917
12 447.278
14 479.011
16 466.668
18 480.098
20 478.093
22 477.544
24 463.583
2 478.992
4 478.174
6 478.112
8 477.651
10 384.675
12 460.183
14 464.594
16 468.464
18 462.744
20 474.404
22 464.695
24 478.666
