2 199.106
4 205.632
6 138.104
8 168.601
10 122.605
12 112.145
14 115.259
16 108.307
18 110.982
20 112.651
22 126.854
24 130.422
2 202.665
4 212.409
6 151.638
8 104.640
10 114.089
12 117.417
14 121.369
16 122.280
18 123.242
20 115.904
22 114.993
24 131.854
2 197.461
4 184.031
6 136.615
8 126.223
10 126.400
12 135.886
14 116.816
16 108.083
18 114.888
20 117.912
22 118.003
24 113.571
2 200.002
4 235.270
6 132.047
8 162.598
10 116.341
12 114.513
14 113.632
16 113.368
18 113.929
20 113.629
22 123.970
24 131.515
2 200.444
4 176.763
6 134.893
8 90.077
10 118.113
12 127.617
14 110.960
16 134.083
18 126.469
20 131.164
22 117.348
24 117.065
2 197.321
4 219.552
6 131.269
8 130.746
10 133.915
12 127.741
14 122.995
16 112.688
18 110.269
20 111.265
22 111.334
24 113.337
2 199.001
4 200.430
6 145.532
8 108.066
10 113.308
12 116.654
14 125.910
16 108.964
18 111.323
20 114.018
22 112.542
24 127.905
2 207.161
4 178.638
6 177.298
8 94.245
10 119.549
12 120.575
14 119.618
16 122.212
18 127.136
20 122.386
22 120.297
24 116.829
2 200.738
4 239.426
6 169.982
8 113.805
10 141.160
12 148.973
14 116.182
16 109.535
18 110.618
20 113.552
22 111.426
24 119.961
2 259.760
4 192.631
6 167.558
8 103.531
10 117.283
12 119.648
14 114.581
16 107.902
18 111.677
20 116.272
22 118.253
24 136.295
