2 284.568
4 172.826
6 121.791
8 103.675
10 118.400
12 123.015
14 122.183
16 108.512
18 104.355
20 104.339
22 103.752
24 102.418
2 186.833
4 188.204
6 130.978
8 206.857
10 117.038
12 103.317
14 102.047
16 105.179
18 105.392
20 102.604
22 110.779
24 111.620
2 193.220
4 171.697
6 129.253
8 97.989
10 112.077
12 120.769
14 101.946
16 104.063
18 105.589
20 103.261
22 115.637
24 128.255
2 190.468
4 176.169
6 166.384
8 113.546
10 116.201
12 105.107
14 104.493
16 117.367
18 129.922
20 117.337
22 103.057
24 107.157
2 185.184
4 142.975
6 122.993
8 127.852
10 116.433
12 132.255
14 130.777
16 102.058
18 103.513
20 100.966
22 106.682
24 112.201
2 188.760
4 154.168
6 123.678
8 207.810
10 111.209
12 120.285
14 106.907
16 104.114
18 106.407
20 102.535
22 102.090
24 102.714
2 193.064
4 194.274
6 121.155
8 172.322
10 120.271
12 126.863
14 107.372
16 102.799
18 107.277
20 105.932
22 131.347
24 119.579
2 187.077
4 205.029
6 116.791
8 129.254
10 113.864
12 109.349
14 113.415
16 131.113
18 122.246
20 105.117
22 104.652
24 115.621
2 185.648
4 188.373
6 152.827
8 179.333
10 133.214
12 110.642
14 100.421
16 103.485
18 101.405
20 104.188
22 102.635
24 101.319
2 187.293
4 181.902
6 114.261
8 105.531
10 115.141
12 102.961
14 103.190
16 101.367
18 105.095
20 105.196
22 103.505
24 108.837
