2 458.638
4 470.423
6 482.642
8 489.009
10 474.401
12 482.019
14 488.453
16 490.326
18 488.169
20 487.094
22 437.825
24 487.683
2 482.049
4 487.490
6 541.212
8 487.179
10 487.789
12 483.664
14 487.014
16 483.150
18 488.967
20 459.771
22 488.662
24 489.340
2 485.192
4 481.421
6 487.166
8 488.666
10 481.028
12 489.304
14 537.600
16 479.415
18 487.927
20 486.581
22 489.152
24 482.455
2 491.074
4 442.697
6 477.160
8 489.365
10 488.591
12 475.939
14 488.313
16 575.635
18 454.083
20 475.765
22 476.281
24 487.692
2 486.520
4 486.898
6 488.327
8 490.104
10 483.094
12 487.078
14 482.001
16 469.866
18 487.687
20 488.975
22 483.131
24 487.364
2 482.047
4 488.023
6 485.697
8 489.037
10 482.544
12 470.720
14 481.158
16 483.133
18 482.833
20 481.113
22 484.170
24 489.608
2 481.785
4 488.643
6 481.131
8 489.284
10 478.131
12 481.291
14 487.586
16 482.782
18 489.065
20 482.704
22 487.441
24 482.247
2 489.038
4 384.012
6 488.855
8 408.588
10 376.590
12 488.554
14 489.002
16 489.699
18 481.195
20 488.559
22 462.656
24 489.599
2 481.714
4 474.467
6 481.818
8 488.313
10 580.022
12 448.630
14 488.558
16 486.928
18 488.685
20 507.459
22 483.790
24 407.513
2 489.346
4 489.422
6 462.027
8 478.926
10 408.986
12 488.553
14 486.885
16 514.132
18 476.749
20 412.044
22 488.104
24 475.525
