2 192.756
4 215.046
6 143.447
8 95.164
10 88.221
12 89.878
14 94.297
16 94.688
18 128.728
20 120.826
22 106.052
24 97.102
2 188.264
4 190.092
6 110.565
8 87.491
10 96.715
12 108.016
14 111.101
16 124.731
18 98.553
20 93.164
22 91.671
24 97.307
2 188.564
4 200.551
6 139.684
8 154.142
10 125.413
12 105.707
14 92.289
16 91.013
18 93.535
20 93.813
22 94.895
24 95.369
2 187.504
4 172.406
6 118.537
8 156.202
10 87.338
12 88.199
14 92.270
16 92.335
18 95.021
20 93.980
22 97.112
24 98.815
2 191.437
4 158.792
6 116.796
8 128.386
10 93.263
12 90.250
14 89.151
16 93.196
18 106.731
20 100.657
22 98.185
24 97.596
2 196.245
4 134.115
6 101.007
8 89.213
10 87.040
12 89.359
14 89.000
16 92.792
18 94.525
20 96.063
22 98.317
24 126.455
2 195.470
4 149.546
6 105.114
8 89.729
10 86.338
12 88.257
14 88.517
16 93.041
18 96.373
20 101.677
22 127.726
24 128.627
2 187.429
4 172.872
6 109.807
8 86.871
10 86.789
12 88.407
14 89.993
16 96.172
18 110.420
20 111.277
22 114.410
24 96.664
2 188.277
4 197.911
6 113.676
8 89.683
10 86.549
12 88.332
14 109.092
16 107.317
18 122.209
20 95.298
22 96.783
24 94.857
2 188.577
4 184.538
6 124.322
8 106.271
10 121.404
12 123.732
14 104.205
16 97.002
18 94.691
20 97.602
22 97.006
24 99.451
