2 200.600
4 194.268
6 132.738
8 154.836
10 92.540
12 91.995
14 91.380
16 95.418
18 97.674
20 99.294
22 102.711
24 101.540
2 208.226
4 215.160
6 114.177
8 160.646
10 92.305
12 90.084
14 92.664
16 95.607
18 98.715
20 101.411
22 110.290
24 117.877
2 206.765
4 138.616
6 113.095
8 89.887
10 92.993
12 94.076
14 91.912
16 98.388
18 96.238
20 115.446
22 131.973
24 120.616
2 204.167
4 187.094
6 115.347
8 102.878
10 91.380
12 91.448
14 102.847
16 114.781
18 120.508
20 107.349
22 103.480
24 100.952
2 198.799
4 152.845
6 115.651
8 93.505
10 96.877
12 130.593
14 134.547
16 107.574
18 98.142
20 102.733
22 99.606
24 99.715
2 200.195
4 226.742
6 147.456
8 159.010
10 93.322
12 98.080
14 98.192
16 96.910
18 98.468
20 101.725
22 107.669
24 100.647
2 206.936
4 168.628
6 122.018
8 97.291
10 93.169
12 94.952
14 97.073
16 98.629
18 100.962
20 99.845
22 100.286
24 113.113
2 207.411
4 142.422
6 118.782
8 94.951
10 92.371
12 92.984
14 93.862
16 94.269
18 96.651
20 103.776
22 123.438
24 121.676
2 202.899
4 161.347
6 113.231
8 90.201
10 90.010
12 95.538
14 95.620
16 93.071
18 113.630
20 119.688
22 113.935
24 98.401
2 202.680
4 182.486
6 122.189
8 89.824
10 94.282
12 91.282
14 113.249
16 130.836
18 115.833
20 96.542
22 104.456
24 106.534
