2 194.244
4 199.662
6 129.726
8 126.905
10 110.070
12 109.968
14 108.360
16 104.708
18 105.146
20 154.536
22 138.878
24 115.279
2 187.196
4 201.923
6 127.035
8 114.528
10 112.524
12 118.244
14 118.857
16 114.681
18 108.001
20 105.578
22 108.371
24 110.971
2 186.089
4 179.591
6 163.382
8 213.105
10 122.138
12 112.911
14 106.086
16 104.812
18 108.284
20 107.489
22 105.586
24 114.605
2 190.395
4 206.954
6 132.277
8 115.701
10 114.139
12 113.026
14 111.195
16 107.234
18 106.770
20 109.635
22 118.398
24 130.499
2 190.123
4 186.172
6 157.807
8 120.076
10 113.117
12 112.380
14 108.499
16 129.833
18 131.214
20 111.077
22 109.616
24 109.215
2 186.325
4 185.293
6 121.802
8 87.518
10 118.697
12 136.308
14 123.129
16 105.140
18 104.273
20 103.514
22 123.891
24 112.440
2 186.293
4 247.744
6 128.399
8 130.593
10 111.617
12 112.007
14 108.624
16 104.164
18 106.629
20 108.858
22 120.396
24 118.195
2 193.986
4 188.558
6 129.931
8 94.043
10 110.476
12 113.464
14 106.639
16 105.068
18 105.571
20 121.472
22 119.220
24 124.545
2 241.684
4 149.834
6 136.973
8 104.782
10 112.611
12 112.955
14 121.841
16 117.638
18 117.508
20 108.185
22 110.097
24 110.891
2 185.483
4 204.749
6 147.921
8 166.839
10 122.796
12 117.657
14 110.149
16 102.611
18 110.306
20 106.391
22 116.071
24 111.290
