2 472.519
4 468.708
6 426.778
8 478.440
10 428.053
12 465.114
14 512.848
16 455.782
18 480.030
20 476.391
22 473.697
24 478.439
2 480.707
4 460.982
6 469.367
8 518.102
10 473.603
12 388.418
14 463.073
16 418.275
18 466.407
20 477.673
22 423.731
24 479.530
2 400.620
4 440.432
6 478.609
8 456.647
10 473.789
12 449.990
14 463.821
16 478.868
18 451.774
20 473.462
22 478.502
24 479.717
2 472.725
4 473.847
6 478.816
8 479.602
10 480.464
12 469.302
14 451.648
16 486.928
18 463.791
20 486.630
22 479.790
24 478.273
2 478.019
4 459.534
6 473.160
8 479.389
10 479.435
12 480.110
14 482.191
16 438.121
18 487.357
20 479.327
22 478.807
24 481.241
2 474.588
4 478.893
6 480.652
8 469.857
10 482.154
12 479.034
14 398.708
16 406.563
18 478.769
20 478.142
22 450.113
24 481.060
2 464.563
4 435.518
6 476.026
8 453.463
10 478.970
12 472.538
14 479.046
16 461.730
18 483.951
20 384.738
22 461.554
24 464.612
2 478.208
4 456.088
6 480.526
8 435.733
10 467.060
12 479.790
14 479.027
16 455.084
18 477.874
20 466.331
22 477.957
24 480.387
2 472.369
4 480.643
6 479.423
8 469.859
10 478.413
12 451.354
14 478.710
16 478.600
18 478.264
20 480.608
22 479.512
24 478.586
2 480.390
4 381.035
6 479.399
8 462.036
10 479.160
12 464.604
14 378.470
16 481.798
18 446.368
20 369.841
22 479.746
24 465.184
