2 2562.356
4 2620.596
6 2704.274
8 2770.563
10 2884.459
12 2529.782
14 2217.966
16 2227.142
18 2230.989
20 2238.168
22 2260.723
24 2390.617
2 2534.799
4 2539.506
6 2589.016
8 2715.594
10 2813.213
12 2805.926
14 2319.936
16 2233.506
18 2234.346
20 2215.859
22 2239.507
24 2296.580
2 2488.323
4 2439.328
6 2539.886
8 2691.919
10 2768.658
12 2826.271
14 2667.968
16 2227.990
18 2230.956
20 2216.954
22 2218.363
24 2289.925
2 2334.494
4 2629.063
6 2555.080
8 2634.316
10 2726.260
12 2800.202
14 2806.054
16 2354.703
18 2222.871
20 2215.236
22 2229.563
24 2218.566
2 2285.661
4 2374.862
6 2599.881
8 2639.173
10 2746.517
12 2757.051
14 2796.683
16 2772.943
18 2249.327
20 2215.593
22 2220.994
24 2214.802
2 2222.754
4 2238.128
6 2344.159
8 2464.405
10 2554.134
12 2703.012
14 2767.596
16 2858.001
18 2646.122
20 2234.530
22 2238.817
24 2251.978
2 2220.970
4 2251.141
6 2365.360
8 2483.409
10 2656.209
12 2540.599
14 2544.706
16 2795.582
18 2705.794
20 2422.543
22 2218.411
24 2219.110
2 2220.671
4 2263.332
6 2318.723
8 2484.995
10 2433.801
12 2644.360
14 2634.381
16 2750.438
18 2810.612
20 2797.414
22 2223.472
24 2226.216
2 2216.497
4 2230.436
6 2220.973
8 2318.800
10 2460.750
12 2601.044
14 2733.994
16 2674.393
18 2753.465
20 2791.551
22 2541.243
24 2216.120
2 2217.358
4 2215.702
6 2226.208
8 2257.362
10 2397.466
12 2600.122
14 2512.690
16 2642.969
18 2724.024
20 2840.829
22 2800.894
24 2241.481
