2 2232.019
4 2207.241
6 2210.713
8 2224.061
10 2360.261
12 2467.688
14 2523.550
16 2611.551
18 2726.572
20 2745.796
22 2743.839
24 2505.329
2 2221.680
4 2202.288
6 2205.280
8 2202.544
10 2304.311
12 2306.063
14 2460.471
16 2572.056
18 2663.025
20 2704.934
22 2775.929
24 2765.528
2 2272.598
4 2225.940
6 2220.761
8 2225.717
10 2243.595
12 2284.416
14 2468.689
16 2493.880
18 2892.824
20 2429.275
22 2733.112
24 2762.956
2 2637.038
4 2218.134
6 2211.034
8 2202.920
10 2212.294
12 2207.907
14 2321.141
16 2475.762
18 2414.917
20 2633.846
22 2700.621
24 2757.111
2 2793.146
4 2436.652
6 2206.512
8 2203.933
10 2215.049
12 2211.251
14 2322.946
16 2444.046
18 2510.270
20 2497.919
22 2553.838
24 2544.706
2 2802.526
4 2780.165
6 2279.059
8 2206.861
10 2206.891
12 2208.196
14 2218.935
16 2219.565
18 2443.564
20 2435.729
22 2479.909
24 2648.991
2 2742.003
4 2768.925
6 2698.370
8 2228.081
10 2280.846
12 2206.744
14 2204.706
16 2227.061
18 2323.829
20 2324.267
22 2437.434
24 2575.186
2 2543.335
4 2726.601
6 2662.149
8 2625.704
10 2218.348
12 2207.895
14 2206.073
16 2210.569
18 2245.210
20 2337.828
22 2504.855
24 2565.984
2 2707.840
4 2690.583
6 2789.887
8 2768.083
10 2393.254
12 2207.203
14 2208.241
16 2203.578
18 2265.247
20 2313.833
22 2453.615
24 2447.904
2 2585.596
4 2649.997
6 2789.908
8 2778.727
10 2729.766
12 2245.365
14 2203.738
16 2207.090
18 2205.928
20 2202.667
22 2314.441
24 2377.165
