2 35.767
4 106.948
6 131.447
8 132.847
10 30.275
12 41.378
14 30.961
16 27.792
18 31.330
20 29.307
22 31.585
24 33.292
2 59.641
4 105.480
6 116.405
8 193.817
10 31.735
12 38.259
14 25.797
16 33.240
18 30.964
20 31.511
22 38.656
24 52.148
2 26.212
4 107.148
6 126.616
8 217.633
10 42.268
12 51.449
14 50.310
16 52.112
18 53.906
20 41.679
22 58.864
24 41.539
2 36.106
4 67.403
6 143.464
8 232.031
10 39.418
12 50.063
14 34.184
16 40.852
18 29.589
20 45.741
22 43.349
24 29.555
2 26.060
4 35.903
6 121.794
8 235.522
10 29.256
12 34.960
14 30.971
16 37.740
18 26.238
20 58.725
22 34.999
24 43.590
2 34.100
4 118.719
6 139.032
8 150.261
10 32.290
12 45.448
14 33.595
16 33.604
18 35.389
20 24.529
22 34.533
24 31.017
2 32.826
4 117.785
6 113.461
8 200.703
10 29.371
12 33.240
14 54.065
16 40.772
18 45.760
20 35.636
22 38.028
24 40.828
2 35.347
4 141.371
6 158.376
8 130.955
10 28.388
12 31.334
14 27.398
16 28.268
18 33.289
20 32.437
22 26.401
24 30.463
2 27.834
4 88.934
6 138.195
8 204.261
10 40.709
12 33.971
14 34.200
16 39.635
18 41.165
20 36.620
22 38.204
24 41.550
2 36.649
4 70.151
6 133.141
8 217.501
10 39.761
12 38.187
14 37.782
16 38.762
18 37.373
20 28.278
22 31.498
24 28.644
