2 62.837
4 52.620
6 57.513
8 50.141
10 49.614
12 51.961
14 60.930
16 89.358
18 61.752
20 86.745
22 140.368
24 61.907
2 78.982
4 64.731
6 44.242
8 58.442
10 63.341
12 65.973
14 40.263
16 62.611
18 57.193
20 57.333
22 43.656
24 45.838
2 58.833
4 61.145
6 79.276
8 60.819
10 72.448
12 50.109
14 54.393
16 52.341
18 56.628
20 52.481
22 44.045
24 44.418
2 42.982
4 54.278
6 60.056
8 51.682
10 46.625
12 41.039
14 53.690
16 44.302
18 54.173
20 51.465
22 46.759
24 51.805
2 37.857
4 55.017
6 50.287
8 51.511
10 56.587
12 49.582
14 43.305
16 65.824
18 82.969
20 84.234
22 80.894
24 55.417
2 77.307
4 81.800
6 82.627
8 45.334
10 43.116
12 44.470
14 58.464
16 60.414
18 60.476
20 61.421
22 56.739
24 64.887
2 76.690
4 46.564
6 50.443
8 38.385
10 61.168
12 49.889
14 56.213
16 54.178
18 49.853
20 37.746
22 57.109
24 52.217
2 61.341
4 61.454
6 59.808
8 57.462
10 60.486
12 60.282
14 60.787
16 57.778
18 57.234
20 56.695
22 57.516
24 96.194
2 87.054
4 88.567
6 93.746
8 83.776
10 87.090
12 87.655
14 85.854
16 76.537
18 79.733
20 77.851
22 89.204
24 105.538
2 79.050
4 77.501
6 76.542
8 58.614
10 57.991
12 61.803
14 61.420
16 60.530
18 61.128
20 63.994
22 57.632
24 47.958
