2 50.748
4 50.826
6 55.454
8 64.102
10 31.613
12 43.718
14 51.202
16 42.924
18 44.894
20 43.487
22 51.378
24 44.039
2 51.825
4 42.910
6 42.687
8 48.824
10 51.191
12 36.332
14 48.859
16 55.473
18 36.602
20 54.843
22 48.747
24 49.904
2 39.035
4 56.651
6 79.086
8 56.104
10 76.076
12 78.384
14 76.361
16 77.567
18 78.473
20 76.253
22 79.244
24 59.439
2 65.020
4 57.347
6 55.867
8 66.642
10 57.361
12 43.149
14 58.449
16 56.813
18 66.320
20 51.183
22 49.338
24 49.460
2 52.490
4 50.343
6 48.912
8 49.059
10 53.289
12 54.682
14 36.334
16 53.851
18 67.718
20 58.995
22 65.682
24 59.384
2 65.886
4 60.262
6 63.065
8 57.072
10 60.767
12 62.614
14 93.156
16 73.413
18 97.496
20 76.204
22 64.884
24 93.121
2 91.791
4 101.036
6 81.199
8 76.325
10 58.288
12 77.060
14 79.346
16 73.351
18 80.583
20 78.491
22 79.418
24 58.757
2 61.993
4 64.875
6 58.975
8 61.729
10 58.645
12 45.489
14 59.284
16 57.738
18 59.860
20 51.926
22 50.745
24 49.212
2 51.410
4 54.507
6 56.559
8 48.693
10 48.221
12 60.435
14 51.416
16 45.466
18 31.568
20 32.744
22 32.503
24 42.657
2 46.392
4 45.715
6 44.878
8 31.247
10 43.757
12 50.874
14 42.947
16 47.469
18 45.599
20 53.787
22 56.372
24 49.586
