2 50.472
4 53.088
6 52.240
8 52.780
10 39.394
12 50.576
14 52.276
16 51.148
18 50.514
20 45.952
22 52.703
24 50.811
2 59.802
4 61.719
6 61.262
8 59.124
10 68.943
12 60.313
14 70.957
16 76.304
18 62.375
20 68.610
22 56.271
24 50.960
2 50.966
4 53.734
6 51.880
8 55.237
10 60.003
12 54.521
14 54.837
16 52.181
18 58.670
20 70.628
22 58.444
24 62.968
2 59.632
4 61.505
6 68.961
8 69.665
10 59.106
12 70.743
14 60.077
16 46.188
18 50.118
20 54.653
22 58.865
24 56.181
2 65.000
4 56.246
6 37.201
8 38.415
10 44.460
12 43.608
14 46.507
16 33.561
18 43.279
20 32.196
22 44.281
24 48.190
2 43.802
4 51.852
6 50.649
8 57.105
10 55.043
12 53.366
14 55.681
16 58.229
18 50.878
20 37.314
22 53.662
24 57.891
2 53.906
4 63.102
6 91.392
8 84.749
10 80.238
12 62.230
14 83.865
16 78.968
18 94.576
20 58.323
22 70.673
24 46.260
2 49.270
4 71.035
6 68.270
8 50.815
10 77.371
12 57.408
14 43.725
16 60.279
18 62.986
20 61.032
22 50.284
24 38.205
2 63.844
4 56.617
6 56.183
8 53.464
10 56.077
12 54.207
14 54.429
16 48.619
18 58.711
20 70.605
22 46.039
24 46.685
2 48.444
4 61.831
6 58.354
8 47.428
10 46.400
12 48.024
14 51.387
16 55.567
18 52.632
20 51.452
22 58.246
24 54.550
