2 567.385
4 375.900
6 524.731
8 518.141
10 436.045
12 474.073
14 460.747
16 470.265
18 470.596
20 445.268
22 478.137
24 459.863
2 550.831
4 579.069
6 508.457
8 825.062
10 440.147
12 456.040
14 470.906
16 453.124
18 467.154
20 470.679
22 450.829
24 485.774
2 555.784
4 381.509
6 502.893
8 539.484
10 433.667
12 476.974
14 452.004
16 462.522
18 476.301
20 447.815
22 474.132
24 466.329
2 566.564
4 535.206
6 521.562
8 821.298
10 426.741
12 454.312
14 482.871
16 444.003
18 461.841
20 486.022
22 503.141
24 485.615
2 557.470
4 393.504
6 508.195
8 532.230
10 442.553
12 476.174
14 458.978
16 463.689
18 471.895
20 460.454
22 485.293
24 461.656
2 550.679
4 556.508
6 506.706
8 813.647
10 435.639
12 466.783
14 494.621
16 450.669
18 466.416
20 469.474
22 452.940
24 476.844
2 555.776
4 404.554
6 507.967
8 505.870
10 442.146
12 476.102
14 450.464
16 466.906
18 474.660
20 446.960
22 473.292
24 472.757
2 552.320
4 516.489
6 497.656
8 899.354
10 424.311
12 451.828
14 481.708
16 450.129
18 467.460
20 482.352
22 444.186
24 474.497
2 559.566
4 499.712
6 544.696
8 522.043
10 448.941
12 464.539
14 444.142
16 481.016
18 460.197
20 456.208
22 499.904
24 456.717
2 559.594
4 499.993
6 509.634
8 817.526
10 432.373
12 451.276
14 476.690
16 446.352
18 522.768
20 478.131
22 446.860
24 495.429
