2 1452.353
4 951.707
6 657.368
8 727.068
10 513.676
12 581.702
14 520.576
16 561.189
18 532.141
20 528.192
22 579.221
24 533.765
2 1297.096
4 963.276
6 654.629
8 790.574
10 513.018
12 565.467
14 518.687
16 560.862
18 538.279
20 544.784
22 576.351
24 533.272
2 1303.944
4 984.866
6 652.790
8 830.029
10 522.175
12 565.826
14 518.490
16 569.958
18 528.698
20 537.225
22 569.279
24 532.465
2 1334.372
4 956.103
6 650.339
8 694.452
10 512.231
12 579.525
14 517.278
16 574.312
18 541.182
20 539.445
22 566.380
24 532.506
2 1293.648
4 952.646
6 659.750
8 772.281
10 512.354
12 563.154
14 518.529
16 559.048
18 535.825
20 526.780
22 578.510
24 543.140
2 1295.886
4 954.617
6 654.246
8 796.945
10 512.706
12 565.224
14 536.050
16 577.226
18 531.689
20 530.735
22 570.319
24 533.149
2 1295.319
4 966.846
6 656.145
8 769.012
10 513.678
12 567.946
14 519.359
16 553.177
18 539.409
20 526.900
22 596.365
24 533.389
2 1302.713
4 952.859
6 652.928
8 813.483
10 530.317
12 566.127
14 518.554
16 553.623
18 537.700
20 527.440
22 578.038
24 535.278
2 1302.458
4 954.213
6 654.082
8 810.090
10 511.197
12 572.084
14 517.865
16 558.069
18 558.723
20 528.365
22 575.853
24 533.225
2 1293.920
4 961.198
6 652.047
8 805.442
10 512.162
12 567.133
14 518.011
16 556.236
18 534.803
20 530.040
22 574.013
24 532.713
