2 1226.459
4 1211.120
6 1230.987
8 1200.179
10 1210.392
12 1211.682
14 1149.525
16 1149.592
18 1198.370
20 1204.188
22 1272.073
24 1206.151
2 1209.901
4 1192.234
6 1207.293
8 1203.113
10 1215.387
12 1205.998
14 1207.448
16 1188.459
18 1207.586
20 1197.389
22 1129.116
24 1197.207
2 1221.555
4 1198.103
6 1166.610
8 1171.485
10 1320.124
12 1175.941
14 1156.452
16 1211.510
18 1210.164
20 1213.705
22 1190.332
24 1271.877
2 1306.721
4 1168.717
6 1269.212
8 1210.938
10 1155.868
12 1214.221
14 1214.784
16 1204.903
18 1198.530
20 1212.571
22 1046.791
24 1194.379
2 1211.634
4 1211.355
6 1206.466
8 1193.098
10 1208.935
12 1217.667
14 1084.404
16 1196.551
18 1190.554
20 1207.522
22 1148.723
24 1151.492
2 1056.777
4 1207.197
6 1202.244
8 1149.164
10 1193.690
12 1210.878
14 1200.315
16 1205.990
18 1138.067
20 1194.355
22 1324.866
24 1266.169
2 1179.507
4 1260.920
6 1181.279
8 1214.557
10 1206.330
12 1123.550
14 1214.540
16 1207.999
18 1207.061
20 1208.744
22 1217.420
24 1208.375
2 1146.932
4 1205.331
6 1186.973
8 1208.101
10 1148.953
12 1202.412
14 1213.531
16 1210.125
18 1210.948
20 1193.756
22 1212.535
24 1199.708
2 1211.370
4 1206.663
6 1209.227
8 1196.034
10 1210.143
12 1086.432
14 1211.508
16 1214.099
18 1066.585
20 1267.117
22 1215.461
24 1187.127
2 1195.436
4 1194.000
6 1154.699
8 1177.540
10 1198.675
12 1197.279
14 1203.806
16 1160.283
18 1217.373
20 1210.832
22 1207.507
24 1150.069
