2 567.736
4 420.139
6 520.886
8 516.702
10 465.250
12 464.548
14 456.418
16 487.172
18 459.677
20 457.157
22 510.484
24 449.500
2 570.265
4 533.260
6 509.135
8 822.082
10 431.687
12 489.525
14 478.869
16 456.271
18 493.243
20 462.064
22 465.387
24 507.946
2 565.602
4 431.079
6 520.110
8 606.196
10 476.348
12 459.446
14 464.861
16 493.601
18 463.109
20 477.716
22 478.146
24 458.577
2 579.281
4 401.326
6 508.405
8 819.281
10 433.684
12 480.921
14 463.106
16 458.935
18 495.951
20 459.073
22 447.370
24 498.714
2 575.111
4 524.849
6 518.217
8 511.039
10 475.935
12 461.648
14 456.047
16 498.469
18 458.082
20 470.260
22 496.568
24 459.142
2 579.701
4 397.674
6 508.905
8 839.770
10 430.185
12 491.815
14 466.076
16 458.900
18 510.555
20 458.977
22 468.807
24 489.547
2 566.210
4 523.192
6 515.501
8 822.674
10 433.589
12 468.671
14 492.236
16 463.012
18 463.286
20 500.483
22 460.306
24 475.756
2 614.856
4 392.110
6 531.551
8 663.041
10 464.552
12 473.882
14 458.048
16 508.347
18 462.132
20 460.731
22 503.763
24 457.658
2 570.567
4 503.683
6 537.860
8 840.829
10 417.443
12 480.405
14 462.107
16 460.333
18 499.339
20 453.577
22 452.796
24 526.274
2 563.893
4 463.869
6 511.695
8 509.133
10 479.940
12 454.217
14 470.176
16 498.556
18 452.113
20 464.117
22 488.961
24 458.202
