2 1198.126
4 1178.358
6 1152.057
8 1192.813
10 1214.545
12 1215.129
14 1212.942
16 1197.371
18 1172.303
20 1157.191
22 1211.197
24 1212.018
2 1166.970
4 1207.027
6 1212.090
8 1208.962
10 1221.034
12 1200.329
14 1200.809
16 1213.732
18 1214.784
20 1055.957
22 1204.885
24 1203.642
2 1128.140
4 1215.292
6 1183.986
8 1213.782
10 1089.145
12 1178.747
14 1203.063
16 1212.410
18 1201.952
20 1212.903
22 1204.350
24 1222.654
2 1213.200
4 1223.043
6 1212.648
8 1191.606
10 1212.736
12 1131.931
14 1213.866
16 1207.001
18 1193.966
20 1226.191
22 1155.358
24 1212.890
2 1052.086
4 1219.718
6 1139.710
8 1196.104
10 1195.639
12 1221.612
14 1153.144
16 1214.158
18 1213.092
20 1211.273
22 1204.104
24 1214.475
2 1188.602
4 1196.617
6 1220.576
8 1214.472
10 1211.724
12 1210.381
14 1222.430
16 1052.140
18 1204.376
20 1151.610
22 1214.641
24 1086.913
2 1221.218
4 1213.350
6 1221.448
8 1063.620
10 1212.261
12 1156.845
14 1221.585
16 1155.573
18 1211.715
20 1156.828
22 1050.866
24 1215.948
2 1213.342
4 1215.941
6 1190.557
8 1213.142
10 1207.982
12 1213.277
14 1212.041
16 1212.482
18 1211.602
20 1213.582
22 1202.648
24 1180.159
2 1219.374
4 1156.275
6 1205.422
8 1217.827
10 1213.076
12 1214.774
14 1216.810
16 1216.840
18 1220.988
20 1159.353
22 1211.217
24 1235.422
2 1214.994
4 1232.346
6 1154.125
8 1214.791
10 1263.662
12 1144.301
14 1211.823
16 1205.275
18 1207.073
20 1198.475
22 1153.998
24 1207.159
