2 1209.418
4 1205.061
6 1223.534
8 1238.227
10 1161.722
12 1224.388
14 1216.733
16 1224.378
18 1206.624
20 1208.863
22 1216.508
24 1217.058
2 1165.756
4 1233.186
6 1220.568
8 1214.527
10 1206.470
12 1223.637
14 1211.760
16 1181.341
18 1216.728
20 1150.363
22 1208.910
24 1214.160
2 1234.782
4 1205.810
6 1197.415
8 1212.833
10 1212.002
12 1220.467
14 1225.616
16 1212.070
18 1152.858
20 1212.806
22 1195.566
24 1060.198
2 1217.647
4 1150.336
6 1213.436
8 1161.529
10 1160.855
12 1216.663
14 1209.327
16 1186.709
18 1109.349
20 1119.421
22 1062.331
24 1220.587
2 1214.266
4 1175.070
6 1204.772
8 1212.728
10 1213.176
12 1216.492
14 1059.697
16 1223.253
18 1167.570
20 1226.663
22 1199.795
24 1212.847
2 1053.378
4 1190.837
6 1056.722
8 1223.839
10 1157.744
12 1211.422
14 1122.377
16 1223.047
18 1173.022
20 1215.828
22 1167.578
24 1224.553
2 1158.240
4 1207.207
6 1173.090
8 1279.016
10 1167.273
12 1214.617
14 1189.982
16 1223.230
18 1156.240
20 1172.174
22 1206.770
24 1216.096
2 1208.258
4 1209.496
6 1224.937
8 1223.903
10 1145.060
12 1170.098
14 1222.692
16 1157.998
18 1155.326
20 1167.196
22 1220.973
24 1221.878
2 1217.718
4 1221.014
6 1199.388
8 1224.169
10 1186.979
12 1213.733
14 1074.481
16 1225.286
18 1158.165
20 1222.017
22 1228.662
24 1183.202
2 1150.003
4 1165.415
6 1164.944
8 1224.133
10 1213.583
12 1214.019
14 1225.450
16 1233.490
18 1213.069
20 1221.857
22 1210.763
24 1227.370
