2 671.966
4 392.162
6 491.908
8 812.579
10 442.109
12 480.835
14 485.072
16 450.266
18 489.813
20 451.874
22 475.507
24 482.040
2 549.996
4 489.610
6 499.696
8 506.435
10 474.768
12 451.277
14 468.405
16 473.694
18 456.088
20 459.910
22 465.261
24 430.706
2 576.258
4 443.850
6 498.656
8 810.569
10 440.190
12 475.352
14 467.409
16 449.992
18 482.387
20 432.652
22 440.903
24 495.702
2 551.748
4 362.466
6 510.724
8 505.462
10 433.889
12 475.404
14 461.248
16 465.981
18 456.960
20 436.236
22 483.982
24 448.739
2 554.581
4 557.644
6 504.547
8 842.676
10 432.305
12 464.601
14 480.894
16 445.436
18 468.419
20 471.375
22 440.819
24 473.775
2 555.582
4 458.973
6 546.614
8 513.728
10 447.007
12 474.031
14 450.537
16 470.387
18 461.757
20 438.223
22 483.456
24 449.155
2 557.384
4 583.975
6 508.450
8 811.767
10 442.598
12 460.950
14 483.090
16 452.469
18 457.566
20 463.585
22 462.165
24 469.094
2 573.173
4 426.914
6 517.759
8 507.252
10 430.848
12 472.500
14 453.469
16 451.918
18 489.585
20 446.907
22 465.491
24 459.725
2 551.128
4 542.774
6 511.179
8 841.771
10 422.816
12 448.271
14 484.614
16 451.285
18 455.920
20 472.196
22 442.510
24 461.638
2 559.645
4 380.368
6 509.535
8 555.450
10 439.353
12 476.147
14 452.361
16 438.637
18 485.191
20 442.862
22 449.181
24 480.510
