2 563.287
4 490.432
6 530.767
8 926.204
10 435.892
12 461.240
14 498.550
16 454.865
18 450.926
20 483.082
22 444.387
24 457.521
2 579.590
4 432.616
6 529.532
8 508.837
10 438.163
12 487.662
14 454.674
16 455.470
18 479.503
20 442.546
22 467.515
24 491.955
2 568.598
4 573.094
6 496.726
8 828.249
10 432.477
12 456.618
14 483.001
16 439.044
18 449.720
20 484.322
22 442.059
24 464.233
2 577.789
4 386.169
6 507.588
8 526.687
10 426.838
12 478.246
14 451.353
16 449.255
18 490.119
20 441.706
22 457.489
24 481.657
2 566.983
4 503.640
6 520.939
8 563.469
10 463.387
12 449.821
14 474.620
16 464.741
18 456.519
20 470.425
22 460.983
24 444.100
2 578.450
4 410.411
6 494.438
8 863.467
10 447.106
12 477.824
14 444.940
16 444.827
18 489.523
20 442.331
22 457.523
24 484.466
2 563.821
4 474.347
6 529.733
8 510.983
10 473.532
12 448.589
14 469.092
16 481.042
18 448.263
20 461.691
22 469.935
24 446.324
2 587.264
4 458.445
6 502.638
8 809.164
10 433.623
12 470.854
14 459.569
16 452.722
18 482.063
20 445.980
22 442.108
24 496.161
2 574.589
4 409.143
6 521.861
8 502.045
10 461.412
12 465.918
14 459.611
16 486.632
18 443.380
20 455.435
22 489.653
24 445.435
2 567.463
4 473.356
6 504.225
8 811.952
10 429.666
12 457.071
14 481.989
16 456.628
18 457.146
20 469.402
22 444.231
24 477.472
